1	1	0
2	1	0
3	1	0
4	1	0
5	1	0
6	1	0
7	1	0
8	1	0
9	1	0
10	1	0
11	1	0
12	1	0
13	1	0
14	1	0
15	1	0
16	1	0
17	1	0
18	1	0
19	1	0
20	1	0
21	1	0
22	1	0
23	1	0
24	1	0
25	1	0
26	1	0
27	1	0
28	1	0
29	1	0
30	1	0
31	1	0
32	1	0
33	1	0
34	1	0
35	1	0
36	1	0
37	1	0
38	1	0
39	1	0
40	1	0
41	1	0
42	1	0
43	1	0
44	1	0
45	1	0
46	1	0
47	1	0
48	1	0
49	1	0
50	1	0
51	1	0
52	1	0
53	1	0
54	1	0
55	1	0
56	1	0
57	1	0
58	1	0
59	1	0
60	1	0
61	1	0
62	1	0
63	1	0
64	1	0
65	1	0
66	1	0
67	1	0
68	1	0
69	1	0
70	1	0
71	1	0
72	2	16
73	1	0
74	1	0
75	1	0
76	1	0
77	1	0
78	1	0
79	1	305.5
80	2	-1529.6
81	2	-159.1
82	1	-1078.3
83	1	943.2
84	1	97
85	1	0.6
86	1	161.6
87	1	288.6
88	1	0
89	1	0
90	1	0
91	2	274.4
92	1	94.2
93	1	0
94	1	0
95	2	0
96	2	4.4
97	1	488
98	1	601
99	1	527
100	1	0
101	2	0
102	1	0
103	1	120
104	1	0
105	2	200.2
106	1	0
107	1	0
108	1	0
109	1	0
110	1	0
111	1	0
112	1	0
113	1	0
114	1	0
115	1	0
116	2	0
117	2	0
118	1	0
119	2	0
120	1	0
121	1	0
122	1	80
123	1	0
124	1	0
125	1	0
126	1	0
127	2	0
128	1	0
129	1	0
130	2	0.2
131	1	0
132	1	0
133	2	0
134	1	0
135	1	0
136	1	0
137	1	0
138	1	0
139	1	0
140	2	0
141	2	0
142	2	0
143	1	0
144	1	0
145	1	0
146	1	0
147	2	0
148	1	0
149	1	0
150	1	0
151	2	0
152	1	0
153	1	0
154	1	0
155	1	80
156	1	0
157	1	0
158	1	0
159	1	0
160	1	0
161	1	0
162	1	0
163	1	0
164	1	0
165	1	0
166	1	0
167	1	0
168	1	0
169	1	0
170	1	0
171	1	0
172	2	-104.8
173	1	247.4
174	1	247.4
175	1	371.5
176	2	-249.9
177	2	-249.9
178	1	52.5
179	1	379.5
180	1	73.6
181	1	73.6
182	1	107.2
183	1	86
184	1	70
185	1	0
186	2	0
187	2	0
188	2	0
189	2	10.2
190	2	0
191	2	0
192	2	0
193	1	0
194	2	0
195	1	0
196	2	0
197	1	295
198	1	0
199	1	308
200	1	0
201	1	0
202	1	103
203	1	0
204	1	170
205	1	154
206	1	150
207	1	113
208	1	65
209	1	60
210	1	204
211	1	142
212	1	83
213	1	189
214	1	17
215	1	0
216	1	2
217	1	88
218	1	0
219	1	0
220	1	0
221	1	0
222	1	50
223	2	-338.1
224	2	195.7
225	2	141.9
226	2	234.5
227	2	388.2
228	2	84.7
229	2	0
230	1	194.4
231	2	195.7
232	2	513.7
233	2	455.4
234	2	61.8
235	2	260.8
236	2	199.4
237	2	395
238	2	344.4
239	2	0
240	1	0
241	1	0
242	1	0
243	1	0
244	1	185.4
245	2	4
246	2	14
247	2	14
248	2	5
249	2	28
250	2	28
251	2	28
252	2	26.7
253	2	23
254	2	4
255	2	30
256	2	15
257	2	20
258	2	30
259	2	45
260	2	80
261	2	80
262	2	10
263	2	30
264	2	30
265	2	298.7
266	2	198.4
267	2	114.8
268	2	275.2
269	2	61.8
270	2	385.3
271	2	104.1
272	2	541
273	2	256.3
274	2	0
275	2	164.4
276	2	616.8
277	2	15
278	2	15
279	1	149.8
280	2	106
281	2	363.9
282	1	0
283	2	1122.7
284	2	155.7
285	1	0
286	2	197.5
287	2	124.6
288	2	148.9
289	2	264.7
290	2	364.8
291	2	54.6
292	2	17.5
293	2	344.4
294	2	275.3
295	1	163.6
296	1	90.7
297	1	314
298	1	34
299	1	107
300	1	161
301	1	161.5
302	1	161.5
303	1	232
304	1	143
305	1	111.5
306	1	111.5
307	1	124
308	1	28.5
309	1	28.5
310	1	135
311	1	0
312	1	0
313	1	110
314	1	110
315	1	100
316	1	37
317	1	93
318	1	30
319	1	189
320	1	78.5
321	1	78.5
322	1	190
323	1	42.6
324	1	170.4
325	1	106
326	1	94
327	1	94
328	1	133.5
329	1	133.5
330	1	121
331	1	125
332	1	210
333	1	62
334	1	62
335	1	85
336	1	85
337	1	147
338	1	147
339	1	44
340	1	33
341	1	107
342	1	157
343	1	95
344	1	67.5
345	1	67.5
346	1	102
347	1	102
348	1	109
349	1	181
350	1	45
351	1	62
352	1	62
353	1	300
354	1	15
355	1	79
356	1	296
357	1	0
358	1	240
359	1	265
360	1	0
361	1	0
362	1	0
363	1	0
364	1	0
365	1	0
366	1	0
367	1	0
368	1	0
369	1	0
370	1	0
371	1	0
372	1	0
373	1	0
374	1	0
375	1	0
376	1	0
377	1	0
378	1	0
379	1	0
380	1	0
381	1	0
382	1	0
383	1	0
384	1	0
385	1	0
386	1	0
387	2	10
388	2	10
389	1	0
390	1	0
391	1	0
392	1	0
393	1	0
394	1	0
395	1	0
396	1	0
397	1	0
398	1	0
399	1	0
400	3	48.7
401	2	54.5
402	2	20.1
403	2	60.3
404	2	60.3
405	1	0
406	1	0
407	1	0
408	1	0
409	1	0
410	1	0
411	1	0
412	1	0
413	1	0
414	1	0
415	1	0
416	1	0
417	1	3.2
418	1	0
419	1	0
420	2	26.1
421	2	54.3
422	2	13.1
423	2	26.1
424	2	26.1
425	1	0
426	1	0
427	1	0
428	1	0
429	1	0
430	1	0
431	1	0
432	1	0
433	2	13.1
434	2	13.1
435	2	13.1
436	2	26.1
437	2	149.7
438	1	29.1
439	1	0
440	1	0
441	1	0
442	1	0
443	1	0
444	1	0
445	1	0
446	1	0
447	1	0
448	1	0
449	1	9.4
450	1	8.2
451	1	0
452	1	0
453	1	0
454	1	0
455	1	0
456	1	0
457	2	28.1
458	2	42.2
459	1	7.7
460	1	0
461	2	32.2
462	1	0
463	1	0
464	1	0
465	1	0
466	1	45.1
467	1	0
468	1	0
469	1	0
470	1	0
471	1	0
472	1	0
473	1	0
474	1	0
475	1	0
476	1	0
477	1	0
478	2	29.4
479	1	0
480	1	0
481	1	0
482	1	0
483	1	0
484	2	0
485	2	10
486	2	7
487	2	8
488	1	0
489	1	71.5
490	1	0
491	1	0
492	1	0
493	1	0
494	1	0
495	1	0
496	1	0
497	2	0
498	2	9
499	2	6
500	1	0
501	1	0
502	1	0
503	1	0
504	1	0
505	1	0
506	1	0
507	2	18.3
508	2	41
509	2	28.1
510	1	0
511	1	0
512	1	0
513	1	0
514	1	0
515	2	0
516	2	0
517	2	7.8
518	2	8
519	1	0
520	1	0
521	1	0
522	1	0
523	1	0
524	1	0
525	1	0
526	1	0
527	1	0
528	1	0
529	1	0
530	1	0
531	1	0
532	2	0
533	2	0
534	1	0
535	2	12.1
536	2	9.4
537	2	12.1
538	2	24.1
539	1	0
540	1	0
541	1	0
542	1	0
543	2	26.1
544	2	26.1
545	2	26.1
546	2	26.1
547	1	0
548	1	0
549	1	0
550	1	0
551	1	0
552	1	0
553	1	0
554	2	12.1
555	2	14.7
556	2	38.2
557	1	0
558	1	0
559	1	0
560	1	0
561	1	0
562	1	0
563	1	0
564	1	0
565	1	0
566	1	0
567	1	0
568	1	0
569	1	0
570	1	0
571	2	3.1
572	1	0
573	1	0
574	1	0
575	1	0
576	1	0
577	1	0
578	1	0
579	1	0
580	1	0
581	1	0
582	1	0
583	1	0
584	1	0
585	1	0
586	1	0
587	1	0
588	1	0
589	1	0
590	1	0
591	1	0
592	1	0
593	1	0
594	1	0
595	1	0
596	1	0
597	1	0
598	1	0
599	1	0
600	1	0
601	1	0
602	1	0
603	2	2
604	2	5.5
605	1	0
606	1	0
607	2	0
608	1	9.9
609	1	8.9
610	1	8.9
611	1	6.1
612	1	6.1
613	1	2.9
614	1	6.3
615	1	5.2
616	1	6.2
617	2	-11.5
618	1	23
619	1	14.7
620	1	16.7
621	1	26.2
622	1	11.5
623	1	5.2
624	1	5.2
625	1	0
626	1	7.7
627	1	5.6
628	1	5
629	1	5
630	2	0.1
631	2	10.9
632	1	20.7
633	1	0.9
634	1	1.2
635	1	5.7
636	1	5.2
637	1	24.1
638	1	4.2
639	1	8.3
640	1	3.1
641	2	3.9
642	2	3.9
643	1	24.4
644	1	10.4
645	1	6.1
646	1	3.3
647	1	13.5
648	1	20.7
649	1	10.3
650	1	12.6
651	1	9.6
652	1	0
653	1	6.3
654	1	5.2
655	1	4.2
656	1	1
657	1	0
658	2	0.2
659	1	0
660	1	9.4
661	1	0.3
662	1	0.3
663	1	13.5
664	1	0.5
665	1	7.8
666	1	9
667	1	6.7
668	1	6.7
669	1	3.7
670	1	4.2
671	1	0
672	1	0
673	2	33.8
674	1	6.3
675	1	6.3
676	1	4.7
677	1	2.6
678	1	0
679	2	0
680	1	17.8
681	1	3.7
682	1	6.4
683	1	24.4
684	1	26.4
685	1	17.3
686	1	44
687	1	5.8
688	1	4.2
689	1	4.9
690	1	13.1
691	1	8.4
692	1	10.2
693	1	12.2
694	1	3.8
695	1	31.3
696	1	22.7
697	1	38.4
698	1	5.1
699	1	13
700	1	2.9
701	1	7.8
702	1	16.7
703	1	7.3
704	1	3.1
705	1	9.1
706	1	9.1
707	1	0.3
708	1	0.8
709	1	0
710	1	11.7
711	1	7.8
712	1	4.9
713	1	3.9
714	1	3.7
715	1	9.4
716	1	11.2
717	1	13.2
718	1	23.9
719	1	10.4
720	1	2
721	1	0
722	1	13.8
723	1	3
724	1	14
725	1	0
726	1	11.5
727	1	4.7
728	1	5
729	1	5.6
730	1	24.4
731	1	15.2
732	1	11.9
733	1	6.5
734	1	8.2
735	1	16.3
736	1	5.7
737	1	9.8
738	1	18.1
739	2	16.7
740	1	5.7
741	1	0
742	2	19
743	1	18.1
744	1	23.8
745	1	25.8
746	2	49.4
747	2	30.4
748	2	30.4
749	1	0
750	2	32.5
751	2	13.9
752	1	6.6
753	1	8.5
754	1	2.1
755	1	4.7
756	1	12.6
757	1	15.5
758	1	0
759	1	9.1
760	1	7.5
761	1	14.2
762	2	21.1
763	1	17.8
764	1	26
765	1	17.4
766	1	7.4
767	1	10.5
768	1	5.2
769	1	10.7
770	1	8.1
771	1	17.9
772	1	9.3
773	1	5.2
774	1	51.9
775	1	12
776	1	8.8
777	1	2.3
778	1	10.7
779	1	0
780	1	9.6
781	1	17.6
782	1	6.1
783	1	6.9
784	1	20.7
785	1	20.7
786	1	5.2
787	1	1.2
788	1	0
789	1	0
790	1	0
791	1	0
792	1	20.3
793	1	22.3
794	1	0
795	1	6.3
796	2	12.1
797	1	15.2
798	1	19.5
799	1	15.5
800	1	0
801	1	7.8
802	1	3.5
803	1	0
804	1	0
805	1	0
806	1	0
807	1	10.7
808	1	6.4
809	1	3.6
810	1	6
811	1	6.2
812	1	0
813	1	0
814	1	0
815	1	0
816	1	6.3
817	1	8.9
818	2	45.1
819	2	32.5
820	2	94.2
821	2	77.9
822	1	0
823	1	0
824	1	10.4
825	1	14.3
826	1	6.2
827	1	3.7
828	1	0
829	1	11.7
830	1	11.2
831	1	6.6
832	1	4.8
833	1	15.7
834	1	9.9
835	1	7.2
836	1	7.8
837	1	7.6
838	1	15.6
839	1	11.8
840	1	25.1
841	2	-7.7
842	2	13.6
843	1	2.6
844	1	18.7
845	2	22.6
846	1	18.3
847	1	12.5
848	1	5.4
849	1	0
850	1	0
851	1	4.4
852	1	2.8
853	1	7.2
854	1	8.6
855	1	5.4
856	1	0
857	1	0
858	1	5.6
859	1	5.6
860	1	5
861	1	16.2
862	1	38.8
863	2	12.2
864	1	10.4
865	1	14.1
866	1	12.4
867	1	15.3
868	1	12.9
869	1	3
870	1	0
871	1	4.2
872	1	0
873	1	0
874	1	0
875	1	25.3
876	1	7.2
877	1	9.1
878	1	11.2
879	1	11
880	1	7.1
881	1	9.4
882	1	21.2
883	1	21.2
884	1	16.2
885	2	9.1
886	1	18.7
887	1	12
888	1	22.7
889	1	15.8
890	2	15.7
891	1	0
892	1	12.4
893	1	7.8
894	1	16.5
895	2	13.8
896	1	11.9
897	1	9.4
898	1	6.1
899	1	7.1
900	1	10.9
901	1	11.4
902	1	0
903	1	13.1
904	1	4.2
905	1	3.7
906	2	4.9
907	1	5.2
908	1	9.1
909	1	19.5
910	1	8.9
911	1	8.9
912	1	0.8
913	1	7.2
914	1	8.1
915	1	8.7
916	1	12.2
917	1	11.1
918	1	11.7
919	1	5.8
920	1	7.7
921	1	36.7
922	1	2.2
923	1	17.1
924	1	11.4
925	1	9.4
926	1	7.3
927	1	19.5
928	1	10.1
929	1	12.1
930	1	18.8
931	1	0
932	1	13.7
933	1	18.7
934	1	11.4
935	2	10.2
936	1	10.5
937	1	23.4
938	1	11.3
939	1	13.6
940	1	0
941	1	8.8
942	1	8.6
943	1	5.2
944	1	3.5
945	1	0
946	1	0
947	1	20.9
948	1	1.4
949	1	0.8
950	1	15.7
951	1	6
952	1	4.1
953	1	19.8
954	1	20.6
955	1	6.5
956	1	6.5
957	1	5.2
958	1	6.6
959	1	7
960	2	11.8
961	1	7.8
962	1	10.4
963	1	9.6
964	1	0
965	1	0
966	2	2
967	1	0
968	1	8.6
969	1	0
970	1	0
971	1	8.4
972	1	29.3
973	1	29.3
974	1	20.4
975	1	20.4
976	1	0
977	1	14.1
978	1	20.2
979	1	20.2
980	1	2
981	1	10.4
982	1	11.8
983	1	4.5
984	1	4.5
985	1	18.2
986	1	18.2
987	1	16.7
988	1	16.7
989	1	13.1
990	1	13.1
991	1	7.3
992	1	25.2
993	1	37.3
994	1	0.8
995	1	3.1
996	1	26
997	1	1.3
998	1	4
999	1	4
1000	1	4.2
1001	1	14.1
1002	1	14.1
1003	1	7.1
1004	1	7.1
1005	1	17.7
1006	1	17.7
1007	1	16.1
1008	1	16.1
1009	1	10.2
1010	1	10.3
1011	1	15
1012	1	10.4
1013	1	23.2
1014	1	23.2
1015	1	14.6
1016	1	14.6
1017	1	14.6
1018	1	14.6
1019	1	29.3
1020	1	29.3
1021	1	11.1
1022	1	11.1
1023	1	2
1024	1	7.1
1025	1	7.1
1026	1	10.1
1027	1	10.1
1028	1	30.8
1029	1	30.8
1030	1	26.2
1031	1	26.2
1032	1	5.9
1033	2	53.3
1034	2	55.3
1035	1	16.1
1036	1	18.2
1037	1	15.1
1038	1	15.1
1039	1	25.2
1040	1	25.2
1041	1	19.2
1042	1	19.2
1043	1	26.7
1044	1	26.7
1045	1	25.2
1046	1	25.2
1047	1	8.1
1048	1	8.1
1049	1	22.2
1050	1	22.2
1051	1	22.2
1052	1	22.2
1053	1	12.1
1054	1	12.1
1055	2	48.4
1056	1	9.1
1057	2	15.9
1058	1	5.8
1059	1	18.3
1060	1	5.2
1061	1	0
1062	1	0
1063	2	24.1
1064	2	45.2
1065	2	14.1
1066	1	0
1067	1	0
1068	1	0
1069	1	0
1070	1	0
1071	1	0
1072	1	0
1073	1	0
1074	1	0
1075	1	0
1076	1	0
1077	1	0
1078	1	0
1079	1	0
1080	1	0
1081	1	0
1082	1	0
1083	1	0
1084	1	0
1085	1	0
1086	1	0
1087	1	0
1088	1	0
1089	1	0
1090	1	0
1091	1	12.9
1092	1	10.2
1093	1	10.9
1094	1	6.9
1095	1	9.4
1096	1	10.5
1097	1	5.7
1098	2	7.2
1099	1	7.2
1100	1	13.4
1101	1	5.8
1102	1	0.6
1103	1	8.3
1104	1	3.1
1105	1	3.8
1106	1	0
1107	1	4.5
1108	1	0
1109	1	0.4
1110	1	0
1111	1	8.3
1112	1	13.6
1113	1	9.1
1114	1	7.1
1115	2	14.9
1116	1	10.4
1117	1	6.2
1118	1	0
1119	1	10.3
1120	1	3.8
1121	1	8.5
1122	1	11.9
1123	1	8.6
1124	1	22.9
1125	1	0
1126	1	21.5
1127	1	10.8
1128	1	5.8
1129	2	20.1
1130	1	6.8
1131	1	7.5
1132	1	2.8
1133	1	10.1
1134	1	0
1135	1	15.9
1136	1	3.8
1137	1	3.4
1138	2	23.8
1139	1	0
1140	1	12.9
1141	1	6.5
1142	1	10
1143	1	11.6
1144	1	0
1145	1	11.8
1146	1	14
1147	1	9.5
1148	1	0
1149	1	0
1150	1	9
1151	1	8.6
1152	1	0
1153	1	0
1154	1	7.5
1155	1	9.8
1156	1	13
1157	1	4.3
1158	1	3.2
1159	1	8.7
1160	1	4.3
1161	2	6.1
1162	1	6.6
1163	1	35.5
1164	2	3.1
1165	1	0
1166	1	4.3
1167	1	7.1
1168	1	10.8
1169	1	7.3
1170	1	11.5
1171	2	11.4
1172	2	19
1173	1	9.6
1174	1	29.2
1175	1	13.9
1176	1	17.2
1177	1	14.7
1178	1	0.2
1179	1	7.6
1180	1	5.9
1181	1	6.5
1182	1	11.7
1183	1	12.9
1184	1	4.8
1185	1	9.7
1186	1	2.5
1187	1	8.6
1188	1	3.4
1189	1	5.4
1190	1	5.6
1191	1	0.9
1192	1	4
1193	1	1.1
1194	1	13.8
1195	1	0
1196	1	6.7
1197	1	3.2
1198	1	9
1199	1	0.9
1200	1	37.7
1201	1	22.6
1202	1	16.1
1203	1	0.9
1204	1	1.1
1205	1	5.7
1206	1	4.8
1207	1	6.6
1208	1	3.2
1209	2	13.1
1210	2	13.1
1211	1	5.9
1212	1	37.7
1213	1	6.6
1214	1	0
1215	1	0
1216	1	12.3
1217	2	19.3
1218	1	0
1219	1	6.5
1220	1	7.4
1221	1	10.8
1222	1	2.2
1223	2	25.8
1224	1	10.8
1225	1	7.5
1226	1	25.8
1227	1	17.2
1228	1	21.3
1229	1	11.6
1230	1	26.8
1231	1	11.9
1232	1	22
1233	2	13.6
1234	1	0
1235	1	14.1
1236	1	8.2
1237	1	6.6
1238	1	2
1239	2	17.2
1240	1	4.9
1241	1	14.2
1242	1	9.7
1243	1	10.9
1244	1	4.1
1245	1	0
1246	1	0
1247	1	4
1248	1	17.5
1249	1	19.6
1250	1	23.8
1251	1	4.6
1252	1	0.7
1253	2	21.9
1254	1	9.2
1255	1	13
1256	2	3.2
1257	1	2.2
1258	1	3.5
1259	1	0
1260	1	15.1
1261	1	13.9
1262	1	2.7
1263	1	9.7
1264	1	0.5
1265	1	0
1266	1	0
1267	1	22.6
1268	1	23.7
1269	1	6.9
1270	1	6.8
1271	2	12.1
1272	1	9.7
1273	1	18.3
1274	1	4.5
1275	1	10.5
1276	2	21
1277	1	11.6
1278	1	0
1279	1	3.2
1280	1	6.5
1281	2	11.1
1282	1	0.1
1283	1	3.2
1284	1	8.3
1285	1	43
1286	1	0
1287	1	5.4
1288	1	1.6
1289	1	0
1290	1	43
1291	1	5.4
1292	2	16.1
1293	1	20.7
1294	1	10.2
1295	1	11.3
1296	1	4.3
1297	2	13.1
1298	1	0
1299	2	0.1
1300	1	5.4
1301	1	6.5
1302	2	5.4
1303	1	10.1
1304	1	13.8
1305	1	3.7
1306	1	6.9
1307	1	3.1
1308	1	6.7
1309	1	19.6
1310	1	8.6
1311	1	2.7
1312	1	9.4
1313	1	17.2
1314	1	4.9
1315	1	12.5
1316	1	23.7
1317	1	16.1
1318	1	0
1319	1	16.2
1320	1	16.1
1321	1	2.7
1322	2	6
1323	1	13
1324	1	0
1325	1	18.3
1326	1	3.8
1327	1	20
1328	2	10.3
1329	1	4.3
1330	1	0
1331	1	17.2
1332	1	16.1
1333	1	18.3
1334	1	8.3
1335	1	14.6
1336	1	11.1
1337	1	12.6
1338	1	7.9
1339	1	0
1340	1	0
1341	1	2.7
1342	1	22.4
1343	2	6.5
1344	1	7.9
1345	2	3.4
1346	1	1.1
1347	2	8.6
1348	1	8.6
1349	1	20.7
1350	1	8.6
1351	1	11.5
1352	2	3.7
1353	1	11.8
1354	1	5.9
1355	1	9.6
1356	2	0
1357	1	0
1358	1	4.3
1359	1	6.5
1360	1	5.4
1361	1	18.7
1362	1	7.6
1363	1	32.3
1364	1	0
1365	1	0
1366	1	0
1367	1	0
1368	1	7.9
1369	1	3.2
1370	1	16.1
1371	2	15.3
1372	2	33
1373	1	13.6
1374	1	3.8
1375	1	18.9
1376	1	7.5
1377	1	9.8
1378	1	6.9
1379	1	16.1
1380	1	12.8
1381	1	6.8
1382	1	4.2
1383	1	0
1384	2	8.4
1385	1	1.9
1386	1	7
1387	1	14
1388	1	0
1389	1	6.2
1390	1	11.7
1391	1	7.5
1392	1	5.4
1393	1	5.4
1394	1	11.3
1395	1	15.8
1396	1	0
1397	1	0
1398	1	0
1399	1	0
1400	1	0
1401	1	0
1402	1	0
1403	1	6.6
1404	1	13
1405	1	5.9
1406	1	1.6
1407	1	0
1408	1	6
1409	1	4.4
1410	1	10.7
1411	1	10.5
1412	2	2.2
1413	1	7.8
1414	1	0
1415	1	0.6
1416	1	0
1417	1	2.3
1418	1	0
1419	2	65.3
1420	1	10.9
1421	1	5.2
1422	1	3.4
1423	1	5.4
1424	1	0
1425	1	8.7
1426	1	10.5
1427	1	0
1428	1	15
1429	1	9.4
1430	1	0
1431	1	0
1432	1	8.2
1433	1	6.1
1434	1	8.6
1435	1	0
1436	1	24.9
1437	1	26.4
1438	1	17.6
1439	1	0
1440	1	0
1441	1	11.6
1442	1	8.2
1443	1	11.2
1444	1	8.6
1445	1	3.6
1446	1	2.3
1447	1	0
1448	1	0
1449	1	0
1450	2	7.4
1451	1	9.8
1452	1	11.2
1453	1	5.6
1454	1	0
1455	1	13.7
1456	1	7.5
1457	1	12.6
1458	1	0
1459	1	4.2
1460	1	1.1
1461	1	0
1462	1	0
1463	1	0
1464	1	1.5
1465	1	4.5
1466	1	4.5
1467	1	0
1468	1	14
1469	1	0
1470	1	7.3
1471	1	1.5
1472	1	0
1473	1	11.7
1474	2	12.4
1475	2	2
1476	1	4.9
1477	1	5.7
1478	1	10.7
1479	1	9.6
1480	1	0
1481	1	22.5
1482	1	12.5
1483	1	7.4
1484	1	0.4
1485	1	0
1486	1	12.3
1487	1	0
1488	1	15.2
1489	1	15.8
1490	1	7.8
1491	1	12.2
1492	1	5.9
1493	1	0
1494	1	21.9
1495	1	3.5
1496	1	6.1
1497	1	0
1498	1	0
1499	1	0
1500	1	0
1501	1	4.6
1502	1	13
1503	1	0
1504	1	0
1505	1	12.9
1506	1	3.6
1507	1	14.3
1508	1	10.9
1509	1	6.9
1510	1	9.5
1511	1	9
1512	1	11.4
1513	1	5.1
1514	1	0
1515	1	8.8
1516	1	7.3
1517	1	10.1
1518	1	0
1519	1	14.4
1520	1	6.8
1521	1	0
1522	1	7.1
1523	1	5.7
1524	1	1.2
1525	1	4.2
1526	1	7.9
1527	1	0
1528	1	6.1
1529	1	2.9
1530	1	22.4
1531	1	10.4
1532	1	5.5
1533	1	0
1534	1	0
1535	1	7.6
1536	1	0
1537	1	13
1538	1	0
1539	1	0
1540	1	0.7
1541	1	0
1542	1	6.6
1543	1	6.1
1544	1	1.9
1545	1	9.8
1546	1	6.4
1547	1	6.4
1548	1	7.6
1549	1	10.3
1550	1	6.6
1551	2	34.8
1552	2	11.1
1553	1	8
1554	1	8.4
1555	1	14.1
1556	2	0
1557	1	9.4
1558	1	6.3
1559	1	1.4
1560	1	0
1561	1	7.1
1562	1	0
1563	1	6.8
1564	1	4
1565	1	10.7
1566	1	5.7
1567	1	7.2
1568	1	0
1569	1	13.9
1570	1	16.8
1571	1	12.1
1572	1	11.8
1573	1	18.9
1574	1	17.2
1575	1	4.7
1576	1	3.3
1577	2	24.3
1578	2	25.4
1579	1	5
1580	1	4.3
1581	1	9.7
1582	2	0.9
1583	2	11.1
1584	1	0
1585	1	12.1
1586	1	8.3
1587	1	9.2
1588	1	0
1589	2	0
1590	2	34.2
1591	2	0
1592	1	3.5
1593	1	0
1594	1	4.1
1595	1	4.9
1596	1	5
1597	1	0
1598	1	0
1599	1	0
1600	2	0
1601	2	22.1
1602	2	7.9
1603	1	0
1604	1	3
1605	1	0
1606	1	0
1607	1	0
1608	1	0
1609	1	0
1610	1	0
1611	1	2.7
1612	1	0
1613	1	0.2
1614	1	0
1615	1	3.9
1616	1	0
1617	1	0
1618	1	3.5
1619	1	0
1620	1	0
1621	1	23
1622	1	0
1623	1	13.3
1624	1	12.6
1625	1	12.7
1626	1	11.1
1627	1	0.9
1628	1	0
1629	1	6.3
1630	1	0
1631	1	6.4
1632	1	0
1633	1	8.8
1634	1	0
1635	1	7
1636	1	3.2
1637	1	0
1638	1	13.7
1639	1	4.9
1640	1	5.4
1641	1	0
1642	1	9.9
1643	1	0
1644	1	1.3
1645	1	5
1646	1	0.9
1647	1	17.8
1648	1	6.5
1649	1	6.9
1650	1	6.9
1651	1	9.8
1652	1	11.7
1653	1	5.6
1654	1	9
1655	1	0
1656	1	0
1657	1	7.6
1658	1	2.6
1659	1	0
1660	1	9.4
1661	1	9.4
1662	1	0
1663	1	0
1664	1	7.5
1665	1	5.7
1666	1	5.4
1667	1	4.3
1668	1	2.2
1669	1	1.6
1670	1	7
1671	1	7
1672	1	5.7
1673	1	0
1674	1	9.7
1675	1	2.7
1676	1	2.5
1677	1	0
1678	1	0
1679	1	0
1680	1	0
1681	1	5.3
1682	1	0
1683	1	9.1
1684	1	0
1685	1	0
1686	1	1.1
1687	1	0.7
1688	1	1.6
1689	1	0
1690	1	0
1691	1	7.6
1692	1	6.8
1693	2	4.3
1694	2	5.8
1695	1	0
1696	1	0.7
1697	1	7.3
1698	1	13
1699	1	5.2
1700	1	22.2
1701	1	0.7
1702	1	3.2
1703	1	0
1704	1	0
1705	1	0
1706	1	16.4
1707	1	0
1708	1	0
1709	1	0
1710	1	24.3
1711	1	9.4
1712	1	17.7
1713	1	0
1714	1	3.3
1715	1	7
1716	1	3.5
1717	2	109.5
1718	1	3.9
1719	1	26.1
1720	1	63.3
1721	1	0
1722	1	0
1723	1	0
1724	1	0
1725	1	10.5
1726	1	0
1727	1	0
1728	1	1.6
1729	1	0.6
1730	1	6.3
1731	1	6.2
1732	1	3
1733	1	2.9
1734	2	19.4
1735	2	18.6
1736	2	16.8
1737	1	11.2
1738	1	22.4
1739	1	10.3
1740	1	12
1741	1	10.6
1742	1	10.7
1743	1	2.7
1744	1	44.2
1745	1	44.2
1746	1	0
1747	1	7.8
1748	1	11.5
1749	1	11.5
1750	1	0.9
1751	1	0.8
1752	1	0
1753	1	0
1754	1	3.2
1755	1	1.5
1756	1	1.5
1757	1	0
1758	1	0
1759	1	0
1760	1	0
1761	1	12.4
1762	1	7.3
1763	2	9.5
1764	2	8.6
1765	1	4.1
1766	1	3.3
1767	1	0.4
1768	1	0
1769	1	21.7
1770	1	9.4
1771	2	53
1772	1	36.9
1773	1	9.2
1774	1	2.5
1775	1	0
1776	1	2.9
1777	1	0
1778	1	17
1779	1	0
1780	1	0
1781	1	7
1782	1	2.3
1783	1	0
1784	1	0
1785	1	0.6
1786	1	0.6
1787	1	1.2
1788	1	3.7
1789	1	1.6
1790	1	15.2
1791	1	9.6
1792	1	1.2
1793	1	0.4
1794	1	8.2
1795	1	8.2
1796	1	1.8
1797	1	3
1798	1	9.2
1799	1	4.3
1800	1	0.8
1801	1	0
1802	1	4.9
1803	1	5
1804	1	1.1
1805	1	4.2
1806	1	4.2
1807	1	11.5
1808	1	6.7
1809	1	5.4
1810	1	5.7
1811	1	11.4
1812	1	0
1813	1	0
1814	1	8.3
1815	1	0
1816	1	0
1817	1	0
1818	1	10.5
1819	1	6.8
1820	1	3.7
1821	1	3.3
1822	1	5.8
1823	1	0
1824	1	5
1825	1	4.1
1826	1	7.6
1827	1	5.9
1828	1	8.2
1829	1	0
1830	1	5.6
1831	1	9.7
1832	2	0
1833	2	90.5
1834	2	28.5
1835	1	19.3
1836	1	1.4
1837	1	7.2
1838	1	0
1839	1	0
1840	1	0
1841	1	0
1842	1	3.4
1843	1	3.4
1844	1	8.8
1845	1	0
1846	1	0.7
1847	1	0
1848	1	0
1849	1	0
1850	1	0
1851	1	9.9
1852	1	1.9
1853	1	0
1854	1	5.2
1855	1	6.2
1856	1	6.3
1857	1	2.1
1858	1	10.4
1859	1	0
1860	1	10.8
1861	1	0
1862	1	5.7
1863	1	7.3
1864	1	11.7
1865	1	0
1866	1	7.6
1867	1	2.6
1868	2	12.5
1869	1	0
1870	1	14.7
1871	1	0
1872	1	2.3
1873	1	6.3
1874	2	12.6
1875	2	10
1876	2	10
1877	1	11.5
1878	1	9.4
1879	1	0
1880	1	5.9
1881	1	1.3
1882	1	1.5
1883	1	4.8
1884	1	7.8
1885	1	6.1
1886	1	11.8
1887	1	2
1888	1	8.8
1889	1	3.3
1890	1	1.6
1891	1	9.6
1892	1	0
1893	1	6.4
1894	1	6.6
1895	1	7.4
1896	1	4.9
1897	1	0
1898	1	0
1899	1	2
1900	1	1.8
1901	1	0
1902	1	5.4
1903	1	0
1904	1	0
1905	1	9.8
1906	1	0
1907	1	0
1908	1	8
1909	1	0
1910	1	0
1911	1	6.1
1912	1	4.3
1913	1	8.9
1914	1	0
1915	1	0
1916	1	1.9
1917	1	0
1918	1	0
1919	1	7.6
1920	1	8.3
1921	1	0
1922	1	8.3
1923	1	4.9
1924	1	3.5
1925	1	3.5
1926	1	6.4
1927	1	10.7
1928	1	8.7
1929	1	6
1930	1	6.1
1931	1	6.7
1932	1	0
1933	2	39.7
1934	1	9.7
1935	1	6.4
1936	1	0
1937	1	10.9
1938	1	3.2
1939	1	6.2
1940	1	0
1941	2	12.6
1942	2	12.6
1943	2	7
1944	1	5.5
1945	1	5.6
1946	1	8
1947	1	9.7
1948	1	0
1949	1	0
1950	1	12.3
1951	1	18.1
1952	1	8.8
1953	2	20.3
1954	1	9.6
1955	1	9.1
1956	1	1.3
1957	1	2.1
1958	1	36.5
1959	1	11.4
1960	1	4.1
1961	1	7
1962	1	0
1963	1	0
1964	2	11.2
1965	2	12.4
1966	2	12.1
1967	1	5.8
1968	1	5.8
1969	1	6.7
1970	1	3.9
1971	1	19.1
1972	1	0
1973	1	15.7
1974	1	0
1975	1	1.3
1976	1	0
1977	1	17.9
1978	1	18.9
1979	1	0
1980	1	0
1981	1	8.6
1982	1	3.5
1983	1	14.5
1984	1	11.7
1985	1	8.1
1986	1	13.4
1987	1	4.7
1988	1	0
1989	1	18.6
1990	1	18.5
1991	1	4.9
1992	1	3
1993	1	0
1994	1	0
1995	1	0
1996	1	5.5
1997	1	3.4
1998	1	0
1999	1	0
2000	1	4.9
2001	1	0
2002	1	16.6
2003	1	8.1
2004	1	0
2005	1	0
2006	1	0
2007	2	4
2008	1	8.1
2009	1	4
2010	1	12.1
2011	1	0
2012	1	4.9
2013	1	2.2
2014	1	0.2
2015	1	0.5
2016	1	8.4
2017	1	11.4
2018	1	5.7
2019	1	5.9
2020	1	1.6
2021	1	0
2022	2	20.6
2023	2	7.2
2024	2	10
2025	2	15.1
2026	1	0
2027	1	13.1
2028	1	18.1
2029	2	29.8
2030	1	8
2031	1	0
2032	1	0
2033	1	8
2034	1	6.9
2035	1	0
2036	1	0
2037	1	3.4
2038	1	3.3
2039	1	0
2040	1	0
2041	1	8.2
2042	1	4.4
2043	1	9.5
2044	1	6.2
2045	1	8.9
2046	1	9.1
2047	1	13.9
2048	1	8.8
2049	1	8.4
2050	1	0
2051	2	2.3
2052	2	3.2
2053	1	8.6
2054	1	11.5
2055	1	0
2056	1	0
2057	1	3.2
2058	1	2.6
2059	1	0
2060	1	0
2061	1	7.6
2062	1	11.8
2063	1	10.3
2064	1	7.3
2065	1	4
2066	1	5
2067	1	0
2068	1	9.4
2069	1	1.3
2070	1	1.6
2071	1	8.7
2072	1	0
2073	1	5.7
2074	1	3
2075	1	4.9
2076	1	4
2077	1	10.4
2078	1	0
2079	1	7.3
2080	1	8.6
2081	1	5
2082	1	6.4
2083	1	10.7
2084	1	13.5
2085	1	18.9
2086	1	15
2087	1	2.9
2088	1	0
2089	1	6
2090	1	4.3
2091	1	4.7
2092	1	2.9
2093	1	3.3
2094	1	7.8
2095	1	0
2096	1	6.7
2097	1	3.3
2098	1	3.3
2099	1	4.9
2100	1	2
2101	1	0.6
2102	1	13.2
2103	1	7.4
2104	1	10.9
2105	1	8
2106	1	3.4
2107	1	7.1
2108	1	8.8
2109	1	7.3
2110	1	0
2111	1	0
2112	1	0
2113	1	20.6
2114	1	3
2115	1	1.2
2116	1	1.4
2117	1	0
2118	1	9.4
2119	1	0
2120	1	0
2121	1	0
2122	1	15.7
2123	1	10.7
2124	1	5.6
2125	1	0
2126	1	0
2127	1	5.7
2128	1	7.3
2129	1	12.2
2130	1	16
2131	1	20.5
2132	1	7
2133	1	6.2
2134	1	4.5
2135	1	0
2136	1	5.6
2137	1	2.1
2138	1	0
2139	1	0
2140	1	6.4
2141	1	0
2142	1	1.5
2143	1	2.7
2144	1	10.7
2145	1	8.6
2146	1	10.5
2147	1	0
2148	1	1.2
2149	1	1.3
2150	1	21.9
2151	1	0
2152	1	0
2153	1	0
2154	1	9.1
2155	1	4
2156	1	0
2157	1	0
2158	1	0
2159	1	1.2
2160	1	0
2161	1	0
2162	1	16.6
2163	1	19.2
2164	1	11.1
2165	1	0
2166	1	6.8
2167	1	7.4
2168	1	7.8
2169	1	7.7
2170	1	3.7
2171	1	0.6
2172	1	5.9
2173	1	2.3
2174	1	8.5
2175	1	3
2176	1	6.6
2177	1	0
2178	1	9.9
2179	1	13.5
2180	1	4.6
2181	1	9.4
2182	1	2.9
2183	1	1.9
2184	1	10.6
2185	1	4.9
2186	1	0
2187	1	0
2188	1	14.6
2189	1	0
2190	1	16.9
2191	1	0
2192	1	5.7
2193	1	0
2194	1	8.9
2195	1	12.7
2196	1	11.1
2197	1	7.8
2198	1	2
2199	1	2.7
2200	1	5
2201	1	0
2202	1	6.3
2203	1	0
2204	1	3.1
2205	1	6.6
2206	1	2.3
2207	1	0
2208	1	5.6
2209	1	3
2210	1	10
2211	1	0
2212	1	1.5
2213	1	0
2214	1	5.4
2215	1	5.9
2216	1	12.3
2217	1	11.4
2218	1	9.4
2219	1	6.7
2220	1	0
2221	1	0
2222	1	0
2223	1	8.3
2224	1	0
2225	1	14.9
2226	1	14
2227	1	13.7
2228	1	0
2229	1	0
2230	1	0
2231	1	10.5
2232	1	18
2233	1	2.1
2234	1	0
2235	2	3.9
2236	1	6.7
2237	1	5.1
2238	1	4.6
2239	1	0
2240	1	3.9
2241	1	7.6
2242	1	2.2
2243	1	0
2244	1	3.5
2245	1	0
2246	1	8.2
2247	1	8.2
2248	1	6.2
2249	1	0
2250	1	6
2251	1	11.2
2252	1	4.8
2253	1	5
2254	1	4.6
2255	1	4.3
2256	1	3.6
2257	1	0
2258	1	0
2259	1	1.5
2260	1	0.2
2261	1	0
2262	1	13.6
2263	2	21.2
2264	2	15.1
2265	2	20
2266	1	9
2267	1	6.9
2268	1	4.9
2269	1	0
2270	1	8.8
2271	1	5.3
2272	1	0
2273	2	7.8
2274	2	17.9
2275	1	5.6
2276	1	7.7
2277	1	4.9
2278	1	0
2279	1	7.6
2280	1	0
2281	1	0.4
2282	1	0.4
2283	1	8.4
2284	1	14
2285	1	6.2
2286	1	0
2287	1	2.5
2288	1	5.8
2289	1	0
2290	1	0
2291	1	7.4
2292	1	8.1
2293	1	0
2294	1	10.3
2295	1	11.3
2296	1	1.8
2297	1	1.8
2298	1	5.2
2299	1	9
2300	1	0
2301	1	0
2302	1	11.7
2303	1	1.4
2304	1	7.3
2305	1	0.2
2306	1	4.3
2307	1	15.3
2308	1	1.9
2309	1	0
2310	1	5.9
2311	1	3.9
2312	1	0
2313	1	0
2314	1	10.1
2315	1	9.5
2316	1	11.4
2317	1	5.8
2318	1	1.8
2319	1	2.1
2320	1	5.6
2321	1	7.6
2322	1	1.3
2323	1	15.9
2324	1	0
2325	1	28.1
2326	1	12.6
2327	1	3.9
2328	1	7
2329	1	5.2
2330	1	11.2
2331	1	9.9
2332	1	10.2
2333	1	1.5
2334	1	1.9
2335	1	4.2
2336	1	5.6
2337	1	6.4
2338	1	3.7
2339	1	10.7
2340	1	11.1
2341	1	9.3
2342	1	4.8
2343	1	9
2344	1	4.3
2345	1	0
2346	1	9.7
2347	1	4.9
2348	1	9.4
2349	1	4.8
2350	1	8.8
2351	1	5.4
2352	1	4.2
2353	1	1.8
2354	1	0
2355	1	2
2356	1	3.7
2357	1	4.2
2358	1	1.9
2359	1	5.3
2360	1	2.3
2361	1	7.8
2362	1	4.6
2363	1	8.4
2364	1	13.7
2365	1	12.6
2366	1	0
2367	1	10.5
2368	1	0
2369	1	11.7
2370	1	11.7
2371	1	0
2372	1	0
2373	1	3.5
2374	1	0
2375	1	1.6
2376	1	0
2377	1	0
2378	1	0
2379	1	0
2380	1	0
2381	2	17
2382	1	7.7
2383	1	0.2
2384	1	0
2385	1	20.4
2386	1	9.7
2387	1	7.7
2388	1	8.7
2389	1	0
2390	1	10.8
2391	1	5.3
2392	1	4
2393	1	16.6
2394	1	8.2
2395	1	0
2396	1	0
2397	1	5.9
2398	1	12.1
2399	1	18.5
2400	1	7.6
2401	1	8.9
2402	1	9
2403	1	0
2404	1	2.3
2405	1	0
2406	1	0
2407	1	0
2408	1	12.8
2409	1	12.8
2410	1	8.1
2411	1	0
2412	1	9.6
2413	1	11
2414	1	7.7
2415	1	6
2416	1	4.7
2417	1	14.9
2418	1	0
2419	1	9.8
2420	1	10
2421	1	4.3
2422	1	5
2423	1	0
2424	1	3.3
2425	2	18.9
2426	2	14.1
2427	2	14.1
2428	1	0
2429	1	11.3
2430	1	10.6
2431	1	0
2432	1	15.7
2433	1	9.1
2434	1	7.8
2435	1	4.9
2436	1	0
2437	1	6.7
2438	1	12.9
2439	1	12.3
2440	1	8.6
2441	1	5
2442	1	15
2443	1	8.6
2444	1	5.8
2445	1	0
2446	1	0
2447	1	16.2
2448	1	1.9
2449	1	6.4
2450	1	4.6
2451	1	8.7
2452	1	7
2453	1	0.7
2454	1	0.5
2455	1	0
2456	1	0
2457	2	37.1
2458	2	0
2459	1	5
2460	1	5.4
2461	1	0
2462	1	0
2463	1	3.4
2464	1	7.9
2465	1	14.9
2466	1	12.4
2467	1	10.8
2468	1	10.2
2469	1	7.6
2470	1	12.4
2471	1	13.9
2472	1	3.9
2473	1	7.5
2474	1	0
2475	1	7
2476	1	7.2
2477	1	10.1
2478	1	9.5
2479	1	3.2
2480	1	4.3
2481	1	9.9
2482	1	4.9
2483	1	1.5
2484	1	0
2485	1	15
2486	1	6
2487	1	4.9
2488	1	2.9
2489	1	0.2
2490	1	0.8
2491	1	0
2492	1	0
2493	2	30.3
2494	2	29.9
2495	1	0
2496	1	0
2497	1	10
2498	1	0
2499	1	0
2500	1	7.7
2501	1	11.1
2502	1	5.4
2503	1	10.2
2504	1	3.6
2505	1	0
2506	1	4.3
2507	1	9.4
2508	1	15.7
2509	1	0
2510	1	0.5
2511	1	0
2512	1	0
2513	2	40.5
2514	1	16.2
2515	2	6
2516	2	8.8
2517	1	1.8
2518	1	28.8
2519	1	7.6
2520	1	10.9
2521	1	0.5
2522	1	10.9
2523	1	0
2524	1	7.4
2525	1	26.9
2526	1	22
2527	1	11.5
2528	1	0
2529	1	13.2
2530	1	6.5
2531	2	6.5
2532	1	16.8
2533	1	7.9
2534	1	6.5
2535	1	39
2536	1	6.2
2537	1	4.9
2538	1	12.2
2539	1	8.9
2540	1	2.7
2541	1	19.6
2542	1	19.6
2543	1	15.2
2544	1	0.9
2545	1	5.3
2546	2	5.2
2547	1	0
2548	1	9.6
2549	1	6.7
2550	2	4.4
2551	1	3.7
2552	2	3
2553	2	3.5
2554	1	4.2
2555	1	27.7
2556	1	7.1
2557	1	4.2
2558	1	9.4
2559	1	1.6
2560	1	11.3
2561	1	1
2562	1	0
2563	1	0
2564	1	0
2565	1	0
2566	1	3.4
2567	1	7.7
2568	1	24.9
2569	1	3.2
2570	1	6.3
2571	1	3.7
2572	1	17.3
2573	1	18.9
2574	1	4.9
2575	1	10.5
2576	1	4
2577	1	12.9
2578	1	5.4
2579	2	19.2
2580	1	0
2581	1	12.1
2582	1	0
2583	1	15.1
2584	1	4.3
2585	2	0
2586	1	0
2587	1	9
2588	1	11.5
2589	2	33
2590	2	8
2591	1	10.6
2592	1	3.2
2593	1	11
2594	1	11
2595	2	14.5
2596	2	0.8
2597	1	0.7
2598	1	21.6
2599	2	13.3
2600	1	11
2601	2	3.8
2602	2	3
2603	2	0
2604	1	23.3
2605	1	13.8
2606	1	12.9
2607	1	9.7
2608	1	25.6
2609	1	3.3
2610	1	13.2
2611	1	4.5
2612	1	0
2613	1	17.2
2614	1	0
2615	1	12.3
2616	2	29.6
2617	1	8
2618	1	22.2
2619	1	5.3
2620	1	8.1
2621	1	2.3
2622	1	3
2623	1	6
2624	2	6.4
2625	1	6.5
2626	1	30.6
2627	1	36
2628	2	10.5
2629	1	6.9
2630	2	102.5
2631	1	0
2632	1	3.3
2633	1	7.4
2634	1	9.3
2635	1	8.9
2636	2	5.5
2637	1	12.9
2638	1	15.7
2639	1	12.1
2640	1	0
2641	1	7.4
2642	1	13.3
2643	1	24.9
2644	1	9.3
2645	2	21.6
2646	1	13.5
2647	2	1.8
2648	1	9.4
2649	2	17.3
2650	1	9.1
2651	1	8.7
2652	1	17.6
2653	2	7.1
2654	2	29.2
2655	1	0
2656	2	31.7
2657	1	22.9
2658	2	22.6
2659	1	13.4
2660	1	0
2661	1	7.9
2662	2	9.2
2663	1	28.5
2664	1	9.7
2665	1	20.6
2666	1	7.2
2667	1	0
2668	1	0
2669	2	8.3
2670	1	19.6
2671	1	9.3
2672	1	8.5
2673	1	7.3
2674	1	5.2
2675	1	2.8
2676	1	5.7
2677	1	5.7
2678	1	8.7
2679	2	13.4
2680	1	11.2
2681	1	14.3
2682	2	4
2683	2	2
2684	1	0
2685	2	3
2686	1	4.7
2687	1	12.2
2688	2	11.7
2689	1	0
2690	1	30.9
2691	1	11.3
2692	1	6.6
2693	1	3.1
2694	1	3.8
2695	1	0
2696	1	0.8
2697	1	0
2698	1	0
2699	1	48.4
2700	1	40.8
2701	1	3.4
2702	1	3.2
2703	1	0
2704	1	9.6
2705	1	5.1
2706	1	3.8
2707	1	3.8
2708	1	1
2709	1	2
2710	1	6.4
2711	1	9.7
2712	1	9.7
2713	2	50.4
2714	1	8.9
2715	1	3.1
2716	1	6.8
2717	1	3.9
2718	2	8
2719	1	40
2720	1	23.6
2721	1	14.2
2722	1	0
2723	1	4.9
2724	1	4.5
2725	1	0
2726	1	7.1
2727	1	7.2
2728	1	7.7
2729	1	0
2730	1	5.1
2731	1	7.3
2732	1	13.7
2733	1	9
2734	1	9.4
2735	2	13.7
2736	1	1.9
2737	1	6
2738	1	5.3
2739	1	0
2740	1	42.3
2741	1	0
2742	1	0
2743	1	15.8
2744	1	6.7
2745	1	15.1
2746	1	12.5
2747	1	23
2748	1	5.9
2749	1	0
2750	1	0
2751	1	18.5
2752	1	2
2753	1	10.1
2754	1	5.3
2755	1	13.3
2756	1	5.8
2757	1	10.4
2758	1	5
2759	1	7.9
2760	1	7.5
2761	1	7.6
2762	1	1.4
2763	1	6.3
2764	1	14.5
2765	1	3.3
2766	1	3.4
2767	1	3.4
2768	1	8.5
2769	1	2.7
2770	1	15.4
2771	1	0
2772	1	11.4
2773	2	1.9
2774	2	11.8
2775	1	13.6
2776	1	15.1
2777	1	3.7
2778	1	7.3
2779	1	4.7
2780	1	10
2781	1	6.2
2782	1	12.1
2783	1	16.3
2784	1	10
2785	1	7.1
2786	1	5.7
2787	1	4.1
2788	1	15.1
2789	1	9
2790	1	19.9
2791	1	19.6
2792	1	17.5
2793	1	10.2
2794	1	9.4
2795	1	9.9
2796	1	16.7
2797	1	10
2798	1	10.6
2799	2	2.8
2800	2	26.2
2801	1	23.4
2802	2	1.6
2803	2	11.7
2804	1	7.7
2805	2	29.6
2806	1	0
2807	1	0
2808	1	0
2809	1	17.2
2810	1	0
2811	1	0
2812	2	17.3
2813	2	16.6
2814	1	1.4
2815	1	3.2
2816	1	2.6
2817	1	3.9
2818	1	14.8
2819	1	5.2
2820	1	6.6
2821	1	10.7
2822	1	17.6
2823	1	6.6
2824	1	13.7
2825	2	17.3
2826	2	21
2827	1	11.5
2828	1	0
2829	1	18.9
2830	1	20.8
2831	1	0
2832	1	0
2833	2	25
2834	1	22.4
2835	1	0
2836	1	0
2837	1	3.7
2838	1	2.5
2839	1	6.6
2840	1	12.7
2841	1	3.6
2842	1	20.8
2843	1	15.1
2844	1	17.3
2845	1	0
2846	1	6.5
2847	1	6.3
2848	1	27.4
2849	1	0
2850	1	0
2851	2	12
2852	2	12.7
2853	1	12.5
2854	1	19.2
2855	1	8.5
2856	1	9.9
2857	1	26.6
2858	1	15.5
2859	1	16
2860	2	6.4
2861	1	12.7
2862	1	4.3
2863	2	35.5
2864	1	28.6
2865	1	7.6
2866	1	17.8
2867	1	10.4
2868	1	11
2869	2	3.3
2870	1	9.1
2871	2	8.5
2872	1	15.4
2873	1	5
2874	1	4.5
2875	2	0
2876	2	7.9
2877	1	15.1
2878	2	48.2
2879	1	0
2880	1	3.4
2881	1	4.9
2882	1	12
2883	1	12
2884	1	9.7
2885	1	8.6
2886	1	7.4
2887	1	2.3
2888	1	11.5
2889	1	0
2890	1	9.1
2891	1	11.4
2892	1	9.2
2893	1	11.4
2894	2	3.3
2895	2	5.9
2896	1	3.4
2897	2	3.2
2898	1	24.5
2899	1	20.9
2900	1	7.8
2901	1	12.4
2902	1	11.1
2903	2	25.1
2904	1	16.5
2905	2	25.2
2906	1	14.7
2907	2	20
2908	1	18.2
2909	1	3.6
2910	1	6.2
2911	1	5
2912	1	22.9
2913	1	0
2914	1	11.1
2915	1	1.7
2916	1	10.1
2917	1	31
2918	1	8.7
2919	1	12.7
2920	2	0
2921	1	17.9
2922	1	0
2923	1	6.7
2924	1	1.1
2925	2	15.7
2926	2	7.6
2927	1	10.7
2928	2	13.1
2929	1	9.4
2930	1	8.5
2931	2	7.5
2932	1	32.2
2933	1	14.8
2934	1	15.7
2935	1	14.2
2936	1	9.1
2937	1	2.6
2938	1	2.7
2939	1	17.1
2940	1	26.2
2941	1	8.7
2942	1	6.2
2943	2	20.4
2944	1	9.1
2945	1	39.6
2946	1	12.7
2947	1	3.3
2948	1	19.7
2949	1	4.8
2950	1	26.6
2951	1	10.9
2952	1	5
2953	1	29.7
2954	1	3.2
2955	2	34.3
2956	2	37.9
2957	1	4.8
2958	1	3.7
2959	1	0
2960	1	-7.3
2961	2	6.5
2962	1	11.3
2963	1	6.1
2964	1	1.9
2965	1	0
2966	1	22.5
2967	2	11.8
2968	1	0
2969	1	9.7
2970	1	12.7
2971	2	5.8
2972	1	12.6
2973	1	22.6
2974	2	17.8
2975	1	15.9
2976	1	8.7
2977	1	8.6
2978	1	27.6
2979	1	13.5
2980	1	10.7
2981	2	9.3
2982	1	3.7
2983	1	26.9
2984	1	21.2
2985	1	6.5
2986	1	6.6
2987	1	19.1
2988	1	23.5
2989	1	14.6
2990	1	15
2991	1	11.7
2992	1	11.7
2993	1	9.3
2994	1	14.2
2995	1	15
2996	1	21.6
2997	1	21.4
2998	1	0
2999	1	0
3000	1	0
3001	1	0
3002	1	0
3003	1	0
3004	1	0
3005	1	0
3006	1	0
3007	1	0
3008	1	0
3009	1	0
3010	1	0
3011	1	0
3012	1	0
3013	1	0
3014	1	0
3015	1	0
3016	1	0
3017	1	0
3018	1	0
3019	1	0
3020	1	0
3021	1	0
3022	1	0
3023	1	7.5
3024	1	7.9
3025	1	3
3026	1	13
3027	1	10.1
3028	1	65.6
3029	1	7.8
3030	1	0
3031	1	0
3032	1	11.5
3033	1	11.7
3034	1	13.2
3035	1	8.4
3036	1	36
3037	1	50.7
3038	1	9.9
3039	1	26.3
3040	2	18.3
3041	1	9.7
3042	1	5.3
3043	1	4.7
3044	1	9.7
3045	1	21.6
3046	1	9.8
3047	2	11.9
3048	2	5
3049	1	14
3050	1	0
3051	1	11.9
3052	1	0
3053	1	0
3054	1	0
3055	1	10.3
3056	1	0.8
3057	2	10
3058	1	12.6
3059	1	20.4
3060	2	11.1
3061	2	10.1
3062	1	9.4
3063	2	7.9
3064	1	5.8
3065	1	9.4
3066	1	14.5
3067	1	12.6
3068	1	24.1
3069	2	10.5
3070	1	6.3
3071	1	10.9
3072	1	7.3
3073	1	25.7
3074	1	19.9
3075	1	0
3076	1	0
3077	2	13.6
3078	1	5.2
3079	1	9.4
3080	2	26
3081	2	12.9
3082	2	11.8
3083	1	9.4
3084	1	9.3
3085	1	15.2
3086	1	10.9
3087	1	10.5
3088	1	12.1
3089	2	13.6
3090	1	17.3
3091	1	5.2
3092	2	4.7
3093	2	4.2
3094	2	0.5
3095	1	10
3096	2	6.3
3097	1	0.8
3098	1	11.3
3099	2	6.8
3100	1	0
3101	1	0
3102	2	21.4
3103	2	1.5
3104	1	19.9
3105	1	14.7
3106	1	8.9
3107	1	7.3
3108	2	2.2
3109	1	0
3110	1	0
3111	1	0
3112	2	11.1
3113	2	41.5
3114	1	0
3115	1	0
3116	1	29.3
3117	1	12.1
3118	1	0
3119	1	6.3
3120	2	5.3
3121	1	11
3122	2	0
3123	1	8.3
3124	1	5.8
3125	1	23.1
3126	1	18.9
3127	2	0.9
3128	1	0.3
3129	1	3.1
3130	1	3.1
3131	1	13.8
3132	1	0
3133	1	0
3134	1	0
3135	1	0
3136	1	5.1
3137	1	7.9
3138	1	19.9
3139	1	8.3
3140	2	11.5
3141	1	10.5
3142	1	13.6
3143	1	7.9
3144	1	0
3145	2	32.5
3146	1	12.6
3147	1	4.2
3148	1	6.7
3149	1	3.7
3150	1	0
3151	1	25.1
3152	2	0
3153	1	14.1
3154	2	0
3155	1	15.2
3156	1	13.1
3157	1	12.6
3158	2	9.4
3159	1	9.4
3160	1	8.9
3161	1	13.1
3162	1	7.3
3163	2	12.1
3164	2	16.2
3165	1	6.1
3166	1	45.1
3167	1	5.2
3168	2	16.3
3169	2	8.9
3170	1	8.4
3171	1	5.2
3172	1	12.6
3173	2	147.6
3174	1	0
3175	1	0
3176	1	6.2
3177	1	14.7
3178	1	13.6
3179	2	4.8
3180	1	12.2
3181	1	0.1
3182	1	11.9
3183	1	16.8
3184	2	15.7
3185	1	10.5
3186	1	3.7
3187	1	14.1
3188	1	4.7
3189	1	4.2
3190	2	11.5
3191	1	0.8
3192	1	15.7
3193	2	10.5
3194	2	0
3195	1	16.8
3196	2	11.5
3197	2	14.7
3198	1	10.5
3199	1	12.8
3200	1	12.6
3201	1	3.7
3202	1	2.9
3203	1	12.6
3204	1	13.6
3205	1	17.8
3206	1	19.4
3207	1	14.7
3208	2	15.7
3209	1	13.1
3210	1	14
3211	1	10.5
3212	1	3.7
3213	1	6.3
3214	2	3
3215	1	9.4
3216	1	23.1
3217	1	0
3218	1	0
3219	1	0
3220	2	8.4
3221	1	8.4
3222	1	9.4
3223	1	18.3
3224	1	23.1
3225	2	9.4
3226	1	11.5
3227	1	26.2
3228	1	6.3
3229	1	4
3230	1	21
3231	1	8.4
3232	2	15.7
3233	1	0
3234	1	0
3235	1	8.5
3236	1	7.3
3237	1	16.8
3238	1	0.1
3239	1	3.7
3240	1	14.7
3241	1	14.7
3242	1	0
3243	1	5.2
3244	1	5.2
3245	1	8.4
3246	1	3.1
3247	1	5.8
3248	1	6.8
3249	1	16.8
3250	1	7.1
3251	1	0
3252	1	7.9
3253	2	4.2
3254	1	4
3255	1	0.1
3256	2	21.4
3257	1	7.3
3258	1	11.5
3259	1	18.3
3260	2	23.6
3261	1	21
3262	2	22
3263	1	19.9
3264	1	23.1
3265	1	5.2
3266	1	0
3267	1	18
3268	1	12.6
3269	1	4.2
3270	1	24.6
3271	2	13.4
3272	1	13.8
3273	1	5.7
3274	1	15.7
3275	1	10.5
3276	1	12.6
3277	1	3.1
3278	1	0
3279	1	13.6
3280	1	12.6
3281	1	0
3282	1	8.6
3283	2	23.6
3284	1	4.7
3285	1	3.7
3286	1	11
3287	2	7.9
3288	1	9.4
3289	1	8.9
3290	1	0
3291	1	0
3292	2	12.6
3293	1	12.6
3294	1	7.2
3295	1	24.1
3296	1	0.6
3297	2	32.5
3298	1	0
3299	1	11.5
3300	1	0
3301	2	27.8
3302	1	5.2
3303	1	6.8
3304	1	7.3
3305	1	9.4
3306	2	105.8
3307	1	4.4
3308	1	6.3
3309	1	28.3
3310	2	12.4
3311	1	6.8
3312	1	7.3
3313	1	8.6
3314	1	12.7
3315	1	20.9
3316	1	4.6
3317	2	13.5
3318	1	15.4
3319	1	13.6
3320	1	13
3321	1	12.6
3322	2	0
3323	2	3.6
3324	1	12.6
3325	1	4.2
3326	1	15.2
3327	2	22
3328	1	26.2
3329	2	9.4
3330	1	26.2
3331	2	6.6
3332	1	13.4
3333	1	12.6
3334	1	23.1
3335	2	15.4
3336	2	0.5
3337	1	16
3338	1	7.9
3339	1	0
3340	1	0
3341	1	0
3342	1	22
3343	1	22
3344	1	2.1
3345	1	13.6
3346	1	15.7
3347	2	40.9
3348	1	35.2
3349	1	7.9
3350	1	29.3
3351	1	17.3
3352	1	0
3353	1	0
3354	2	14.7
3355	1	0
3356	1	4.1
3357	2	0.3
3358	2	0.3
3359	1	2.1
3360	1	16
3361	1	0
3362	1	33
3363	1	16
3364	1	50
3365	1	50
3366	1	25
3367	1	65
3368	2	0
3369	2	0
3370	2	0
3371	2	0
3372	2	0
3373	2	0
3374	2	0
3375	1	2
