# Power System Parameters
596      	# Number of units (NUNITS)
3       # Number of of generation cost segments (NSEGMENTS)
24      # Number of time interval
3375				# Number of buses
4161				# Number of branches
#0				# Number of phase shifter


#unit bus
72	80	81	91	95	96	101	105	116	117	119	127	130	133	140	141	142	147	151	172	176	177	186	187	188	189	190	191	192	194	196	223	224	225	226	227	228	229	231	232	233	234	235	236	237	238	239	245	246	247	248	249	250	251	252	253	254	255	256	257	258	259	260	261	262	263	264	265	266	267	268	269	270	271	272	273	274	275	276	277	278	280	281	283	284	286	287	288	289	290	291	292	293	294	387	388	400	400	401	401	402	403	403	403	404	404	404	420	420	421	421	421	422	423	424	433	434	434	435	435	436	436	437	457	457	458	458	458	461	461	478	478	484	485	486	487	497	498	499	507	508	508	509	509	515	515	516	516	517	518	518	532	533	533	535	535	536	536	537	538	538	543	543	544	544	545	545	546	546	554	555	555	555	556	571	603	603	603	604	607	617	617	617	617	630	631	641	642	658	658	658	658	673	679	679	739	742	742	742	746	746	746	747	747	748	748	750	750	751	762	796	818	819	820	820	821	821	841	841	842	845	863	885	890	895	895	895	906	935	960	960	966	1033	1033	1033	1033	1034	1034	1034	1034	1034	1055	1057	1063	1063	1064	1064	1064	1064	1065	1065	1065	1098	1098	1115	1129	1138	1161	1161	1164	1171	1172	1209	1210	1217	1223	1233	1233	1239	1253	1256	1271	1276	1281	1292	1297	1299	1302	1322	1328	1343	1345	1347	1352	1356	1356	1356	1356	1371	1371	1372	1372	1384	1412	1419	1419	1419	1419	1450	1474	1474	1475	1551	1552	1556	1577	1578	1582	1583	1589	1589	1590	1590	1591	1600	1601	1602	1693	1693	1693	1694	1717	1717	1717	1717	1734	1735	1736	1736	1763	1764	1764	1771	1832	1832	1833	1833	1833	1834	1834	1868	1868	1874	1875	1876	1933	1933	1933	1941	1942	1943	1943	1953	1953	1964	1965	1966	1966	2007	2007	2007	2022	2022	2023	2023	2024	2025	2029	2051	2052	2235	2235	2235	2235	2235	2235	2263	2263	2264	2265	2273	2273	2274	2274	2274	2274	2381	2425	2426	2427	2457	2457	2457	2458	2493	2494	2513	2513	2515	2516	2531	2546	2550	2552	2553	2579	2585	2585	2585	2589	2589	2590	2595	2596	2599	2601	2602	2602	2603	2603	2616	2624	2628	2630	2636	2645	2647	2649	2653	2654	2654	2656	2658	2662	2669	2679	2682	2683	2683	2685	2688	2713	2718	2735	2773	2774	2774	2799	2800	2802	2803	2805	2812	2813	2825	2826	2833	2851	2852	2860	2863	2869	2871	2875	2876	2878	2894	2895	2897	2903	2905	2907	2920	2925	2926	2928	2928	2928	2931	2943	2955	2955	2956	2961	2967	2971	2974	2981	3040	3040	3047	3048	3057	3057	3060	3060	3061	3061	3061	3063	3069	3077	3080	3081	3082	3089	3092	3093	3094	3096	3099	3099	3102	3102	3103	3108	3112	3112	3112	3113	3113	3120	3122	3127	3140	3145	3145	3145	3145	3145	3152	3152	3154	3158	3163	3164	3168	3169	3173	3173	3173	3179	3184	3190	3193	3193	3193	3194	3196	3197	3208	3214	3220	3225	3232	3253	3256	3256	3260	3262	3271	3283	3287	3292	3297	3301	3306	3306	3306	3306	3310	3317	3322	3323	3327	3329	3331	3335	3335	3336	3336	3336	3336	3347	3354	3354	3357	3357	3358	3368	3369	3370	3371	3372	3373	3374

#Pmax and Pmin
204.6	549.9	11.6	627	847	1241.5	1936	825	429	429	1650	649	2530	891	990	1485	1870	176	308	129.3	291.8	291.8	534.6	534.6	531.3	542.3	600.6	599.5	247.5	143	165	125.5	272.8	140.8	17.6	28.6	60.5	0.1	17.2	69.3	5.5	44	182.6	77	94.6	95.7	0.1	223.3	156.2	187	195.6	572	572	572	287.1	523.6	184.8	429	214.5	198	433.4	650.1	951.5	951.5	103.4	429	429	5.5	6.6	31.9	291.5	0.1	238.7	37.4	253	225.5	110	163.9	123.2	198	198	4.4	287.1	771.1	0.1	31.9	34.1	42.9	8.8	477.4	29.7	12.1	232.1	301.4	221	200	370	370	370	370	370	370	370	370	370	370	370	215	220	225	225	225	225	535	560	225	225	225	225	225	225	225	112	220	225	225	225	225	383	380	12	6	225	225	120	120	120	120	110	215	215	225	225	220	135	135	135	135	120	120	120	50	120	50	232	205	205	222	222	222	232	261	261	206	261	235	235	206	206	200	200	200	200	464	188	179	179	179	179	220	55	50	50	23	2.1	2.1	7.2	7.2	5	5	5	5	370	5.7	5.7	6.6	0.9	0.9	0.9	27	30	30	55	55	40	55	50	100	60	2.8	1.7	51.5	55	55	77	55	55	226	25	17	4.4	0.3	6.6	3.4	6.5	6.5	6.5	3	3.5	1.7	1.7	4.4	52	30	105	105	30	30	30	125	105	1.5	1.4	35	20	35	35	35	97	35	30	28	8	2	4.4	2.7	4.9	93	35.9	2.5	6	6	225	225	2.5	12	170	61	21	7	10	30.4	2	1.9	2	225	36	2.7	101	12	12	1.6	6	8.3	68	68	31	31	50	125	125	30	2.5	3.4	25	25	31	31	78	48	55	55	113	113	16.8	386	383	6	135	12.8	12.5	20	20	19	24	24	29	50	50	50	50	25	25	25	25	25	25	25	6	70	50	70	50	24	16.5	14.6	14.6	14.6	5.5	5.5	7.5	8	55	230	225	18	32	25	120	120	120	110	125	125	119	117	110	100	55	15	55	12	12	4	4	15	22	225	46	46	14	14	14	3.8	4.2	14	123	128	161	161	50	110	45	45	110	110	40	225	225	225	35	8	25	30	32	32	10.5	10.5	120	120	1.8	4.9	0.3	50	50	222	28	29	28	55	100	106	2.2	1.3	2.9	6	54.5	6	5	28.5	4.4	30	11.5	120	6.5	4	2.7	2.7	2.6	3	4	0.6	4.4	1.3	9.9	1.3	50	50	28	55	9.9	4.4	4.4	3.5	1.7	0.2	1.3	1.3	0.3	6.1	3.1	4.4	200	200	2.9	0.3	20.3	67	65	0.3	5.5	1	4.4	30.6	30.6	6.5	1.3	1	6.1	2.2	5.6	4.4	10	1.7	4.4	56	18	4	0.5	235	50	108	108	16.4	9.7	0.3	1.1	1.1	12	10.5	1.2	3.3	0.9	3.1	50	32	35	55	55	0.5	3	0.4	55	55	8	0.7	0.3	0.4	0.9	0.7	11	20	28	13.2	13.2	5.9	25	55	55	55	55	6.6	22	2.8	4	4	4	4	16	20	12.4	12.4	40.5	7.7	0.6	2	5	1.7	25	34.6	25	1.7	0.2	0.4	13.2	5	5	13.2	0.5	20	6.3	0.6	0.3	1.7	2.8	0.3	3	2.5	14.7	0.3	1.3	1	0.1	0.1	4.1	0.5	11.3	6	32	40	18.3	6	50	3.4	8.8	0.1	28	26.7	26.7	26.7	26.7	26.7	26.7	28	4	4	54	52	51	18	0	0	0	0	0	0
133.9	359.9	7.6	410.4	554.4	121.8	1267.2	540	280.8	280.8	1080	424.8	1656	583.2	648	972	1224	115.2	201.6	84.6	191	191	342.7	342.7	347.8	283	371.5	370.8	111.6	64.8	108	0	77.8	34.6	11.5	18.7	39.6	0	11.2	45.4	3.6	28.8	119.5	50.4	61.9	62.6	0	146.2	102.2	122.4	128	374.4	374.4	374.4	187.9	342.7	121	280.8	140.4	129.6	283.7	425.5	579.6	579.6	67.7	280.8	280.8	3.6	4.3	20.9	68.4	0	156.2	24.5	165.6	61.2	21.6	107.3	80.6	129.6	129.6	2.9	58.3	418.3	0	20.9	0.7	28.1	5.8	312.5	19.4	7.9	151.9	197.3	110	135	240	240	240	240	240	240	240	240	240	240	240	110	125	125	120	110	110	255	250	129	129	129	129	129	129	129	0	125	140	130	125	130	220	220	0	0	120	120	70	70	70	70	80	135	135	135	135	135	0	0	0	0	94	94	94	40	80	45	100	135	135	90	90	90	100	104	104	120	104	94	94	120	120	150	150	145	145	208	76	0	0	0	0	112.5	23	25	25	7	0.5	0.5	5.9	5.9	1	1	1	1	240	1	1	5.4	0.3	0.3	0.3	11	11	9	20	20	10	20	25	55	25	2	1.4	15	15	15	3	15	15	120	12	10	3.6	0	3	2.8	1	1	1	2.4	2.9	1	1	3	37	10	50	50	10	10	10	68	50	1.3	0	9	9	9	9	9	30	9	9	9	1	1	3.6	0	0	0	0	0	0	0	130	110	0	0	66	34	0	0	0	0	0	0	1.3	129	0	1.8	49	0	0	0.9	1	0	5	5	0	0	0	92	84	0	0	2.2	0	0	0	0	10.5	40	42	42	32	32	0	220	220	1	34.5	0	0	0	0	0	12	12	10	38	38	38	38	10	10	10	10	0	0	0	0	21	40	21	10	5	4	3	3	3	0	0	0	0	20	120	120	0	0	0	70	70	79	79	70	70	80	80	65	65	15	0	15	0	0	0	0	0	0	125	3	3	2	2	2	0	0	2	70	70	55	55	35	80	35	35	80	80	5	135	135	135	18	0	18	18	27	27	0	0	94	94	0.5	0.2	0.1	15	15	90	0	0	0	15	50	70	0.3	0.3	2.3	2.7	10	3	0.7	20.5	2.7	5	2	80	0.1	3.2	0.6	1.3	0.5	1	2	0.5	2.7	0.2	2	0.6	40	35	20	35	3.6	2.4	2.7	0.2	0.6	0.2	0.6	0.6	0.2	3.6	2.5	2	150	145	1.4	0.3	8	40	40	0.1	1	0.1	2.2	0	0	2	0.2	0.2	2	1.8	3.2	2.7	2.2	1.4	2	10	3	1	0.1	94	32	70	70	2.1	2.2	0.2	0.6	0.9	3	3	0.5	2.7	0	0	0	0	0	0	0	0.1	0	0	26	26	0	0.2	0	0	0	0	0	0	4	2	2	0	15	26	26	24	25	5.4	0.1	0	1	0	0	0	0	0	5	5	0	0	0	0	3.6	0	0	0	0	0	0	0	0	0	0	0	0	4.5	5.1	0	0	1.4	0	0	0	0	0	0	0	0	0	0.1	0	0	0	0	0	0	0	0	0.1	0	0	0	0	0	0	0	0	0	0	10	0	0	37	41	41	0	0	0	0	0	0	0

#PO
0	0	0	0	0	0	0	0	0	0	0	0	0	0	0	0	0	0	0	0	0	0	0	0	0	0	0	0	0	0	0	0	0	0	0	0	0	0	0	0	0	0	0	0	0	0	0	0	0	0	0	0	0	0	0	0	0	0	0	0	0	0	0	0	0	0	0	0	0	0	0	0	0	0	0	0	0	0	0	0	0	0	0	0	0	0	0	0	0	0	0	0	0	0	0	0	0	0	0	0	0	0	0	0	0	0	0	0	0	0	0	0	0	0	0	0	0	0	0	0	0	0	0	0	0	0	0	0	0	0	0	0	0	0	0	0	0	0	0	0	0	0	0	0	0	0	0	0	0	0	0	0	0	0	0	0	0	0	0	0	0	0	0	0	0	0	0	0	0	0	0	0	0	0	0	0	0	0	0	0	0	0	0	0	0	0	0	0	0	0	0	0	0	0	0	0	0	0	0	0	0	0	0	0	0	0	0	0	0	0	0	0	0	0	0	0	0	0	0	0	0	0	0	0	0	0	0	0	0	0	0	0	0	0	0	0	0	0	0	0	0	0	0	0	0	0	0	0	0	0	0	0	0	0	0	0	0	0	0	0	0	0	0	0	0	0	0	0	0	0	0	0	0	0	0	0	0	0	0	0	0	0	0	0	0	0	0	0	0	0	0	0	0	0	0	0	0	0	0	0	0	0	0	0	0	0	0	0	0	0	0	0	0	0	0	0	0	0	0	0	0	0	0	0	0	0	0	0	0	0	0	0	0	0	0	0	0	0	0	0	0	0	0	0	0	0	0	0	0	0	0	0	0	0	0	0	0	0	0	0	0	0	0	0	0	0	0	0	0	0	0	0	0	0	0	0	0	0	0	0	0	0	0	0	0	0	0	0	0	0	0	0	0	0	0	0	0	0	0	0	0	0	0	0	0	0	0	0	0	0	0	0	0	0	0	0	0	0	0	0	0	0	0	0	0	0	0	0	0	0	0	0	0	0	0	0	0	0	0	0	0	0	0	0	0	0	0	0	0	0	0	0	0	0	0	0	0	0	0	0	0	0	0	0	0	0	0	0	0	0	0	0	0	0	0	0	0	0	0	0	0	0	0	0	0	0	0	0	0	0	0	0	0	0	0	0	0	0	0	0	0	0	0	0	0	0	0	0	0	0	0	0	0	0	0	0	0	0	0	0	0	0	0	0	0	0	0	0	0	0	0	0	0	0	0	0	0	0	0	0	0	0	0	0	0	0	0	0	0	0	0	0	0	0	0	0	0	0	0	0	0	0	0	0	0	0	0	0	0	0	0	0	0	0	0	0	0	0	0	0	0	0	0	0	0	0	0	0	0	0	0	0	0	0	0	0

# Number of hours on (+) or off (-) before hour 1 (ISTATE)
-1	-1	8	8	-1	-1	8	8	-8	-8	-8	-10	-10	-10	-2	-2	-2	-2	-2	8	8	1	1	1	1	1	1	1	1	8	8	24	-1	-1	8	8	-1	-1	8	8	-8	-8	-8	-10	-10	-10	-2	-2	-2	-2	-2	8	-8	1	-1	-1	8	8	-1	-1	8	8	-8	-8	-8	-10	-10	-10	-2	-2	-2	-2	-2	8	8	1	1	1	1	1	1	1	1	8	8	24	-1	-1	8	8	-1	-1	8	8	-8	-8	-8	-10	-10	-10	-2	-2	-2	-2	-2	8	-8	1	-1	-1	8	8	-1	-1	8	8	-8	-8	-8	-10	-10	-10	-2	-2	-2	-2	-2	8	8	1	1	1	1	1	1	1	1	8	8	24	-1	-1	8	8	-1	-1	8	8	-8	-8	-8	-10	-10	-10	-2	-2	-2	-2	-2	8	-8	1	-1	-1	8	8	-1	-1	8	8	-8	-8	-8	-10	-10	-10	-2	-2	-2	-2	-2	8	8	1	1	1	1	1	1	1	1	8	8	24	-1	-1	8	8	-1	-1	8	8	-8	-8	-8	-10	-10	-10	-2	-2	-2	-2	-2	8	-8	1	-1	-1	8	8	-1	-1	8	8	-8	-8	-8	-10	-10	-10	-2	-2	-2	-2	-2	8	8	1	1	1	1	1	1	1	1	8	8	24	-1	-1	8	8	-1	-1	8	8	-8	-8	-8	-10	-10	-10	-2	-2	-2	-2	-2	8	-8	1	-1	-1	8	8	-1	-1	8	8	-8	-8	-8	-10	-10	-10	-2	-2	-2	-2	-2	8	8	1	1	1	1	1	1	1	1	8	8	24	-1	-1	8	8	-1	-1	8	8	-8	-8	-8	-10	-10	-10	-2	-2	-2	-2	-2	8	-8	1	-1	-1	8	8	-1	-1	8	8	-8	-8	-8	-10	-10	-10	-2	-2	-2	-2	-2	8	8	1	1	1	1	1	1	1	1	8	8	24	-1	-1	8	8	-1	-1	8	8	-8	-8	-8	-10	-10	-10	-2	-2	-2	-2	-2	8	-8	1	-1	-1	8	8	-1	-1	8	8	-8	-8	-8	-10	-10	-10	-2	-2	-2	-2	-2	8	8	1	1	1	1	1	1	1	1	8	8	24	-1	-1	8	8	-1	-1	8	8	-8	-8	-8	-10	-10	-10	-2	-2	-2	-2	-2	8	-8	1	-1	-1	8	8	-1	-1	8	8	-8	-8	-8	-10	-10	-10	-2	-2	-2	-2	-2	8	8	1	1	1	1	1	1	1	1	8	8	24	-1	-1	8	8	-1	-1	8	8	-8	-8	-8	-10	-10	-10	-2	-2	-2	-2	-2	8	-8	1	-1	-1	8	8	-1	-1	8	8	-8	-8	-8	-10	-10	-10	-2	-2	-2	-2	-2	8	8	1	1	1	1	1	1	1	1	8	8	24	-1	-1	8	8	-1	-1	8	8	-8	-8	-8	-10	-10	-10	-2	-2	-2	-2	-2	8	-8	1	-1	-1	8	8	-1	-1	8	8	-8	-8	-8	-10	-10	-10	-2	-2	-2	-2	-2	8	8	1	1	1	1	1	1	1	1	8	8	24	-1	-1	8	8	-1	-1	8	8	-8	-8	-8	-10	-10	-10	-2	-2	-2	-2	-2	8	-8	1	-1	-1

# Minimum down time (MDT)
1	1	4	4	1	1	4	4	8	8	8	10	10	10	2	2	2	2	2	8	8	1	1	1	1	1	1	1	1	8	8	48	1	1	4	4	1	1	4	4	8	8	8	10	10	10	2	2	2	2	2	8	8	1	1	1	4	4	1	1	4	4	8	8	8	10	10	10	2	2	2	2	2	8	8	1	1	1	1	1	1	1	1	8	8	48	1	1	4	4	1	1	4	4	8	8	8	10	10	10	2	2	2	2	2	8	8	1	1	1	4	4	1	1	4	4	8	8	8	10	10	10	2	2	2	2	2	8	8	1	1	1	1	1	1	1	1	8	8	48	1	1	4	4	1	1	4	4	8	8	8	10	10	10	2	2	2	2	2	8	8	1	1	1	4	4	1	1	4	4	8	8	8	10	10	10	2	2	2	2	2	8	8	1	1	1	1	1	1	1	1	8	8	48	1	1	4	4	1	1	4	4	8	8	8	10	10	10	2	2	2	2	2	8	8	1	1	1	4	4	1	1	4	4	8	8	8	10	10	10	2	2	2	2	2	8	8	1	1	1	1	1	1	1	1	8	8	48	1	1	4	4	1	1	4	4	8	8	8	10	10	10	2	2	2	2	2	8	8	1	1	1	4	4	1	1	4	4	8	8	8	10	10	10	2	2	2	2	2	8	8	1	1	1	1	1	1	1	1	8	8	48	1	1	4	4	1	1	4	4	8	8	8	10	10	10	2	2	2	2	2	8	8	1	1	1	4	4	1	1	4	4	8	8	8	10	10	10	2	2	2	2	2	8	8	1	1	1	1	1	1	1	1	8	8	48	1	1	4	4	1	1	4	4	8	8	8	10	10	10	2	2	2	2	2	8	8	1	1	1	4	4	1	1	4	4	8	8	8	10	10	10	2	2	2	2	2	8	8	1	1	1	1	1	1	1	1	8	8	48	1	1	4	4	1	1	4	4	8	8	8	10	10	10	2	2	2	2	2	8	8	1	1	1	4	4	1	1	4	4	8	8	8	10	10	10	2	2	2	2	2	8	8	1	1	1	1	1	1	1	1	8	8	48	1	1	4	4	1	1	4	4	8	8	8	10	10	10	2	2	2	2	2	8	8	1	1	1	4	4	1	1	4	4	8	8	8	10	10	10	2	2	2	2	2	8	8	1	1	1	1	1	1	1	1	8	8	48	1	1	4	4	1	1	4	4	8	8	8	10	10	10	2	2	2	2	2	8	8	1	1	1	4	4	1	1	4	4	8	8	8	10	10	10	2	2	2	2	2	8	8	1	1	1	1	1	1	1	1	8	8	48	1	1	4	4	1	1	4	4	8	8	8	10	10	10	2	2	2	2	2	8	8	1	1	1

# Minimum up time (MUT)
1	1	8	8	1	1	8	8	8	8	8	12	12	12	4	4	4	4	4	8	8	1	1	1	1	1	1	1	1	8	8	24	1	1	8	8	1	1	8	8	8	8	8	12	12	12	4	4	4	4	4	8	8	1	1	1	8	8	1	1	8	8	8	8	8	12	12	12	4	4	4	4	4	8	8	1	1	1	1	1	1	1	1	8	8	24	1	1	8	8	1	1	8	8	8	8	8	12	12	12	4	4	4	4	4	8	8	1	1	1	8	8	1	1	8	8	8	8	8	12	12	12	4	4	4	4	4	8	8	1	1	1	1	1	1	1	1	8	8	24	1	1	8	8	1	1	8	8	8	8	8	12	12	12	4	4	4	4	4	8	8	1	1	1	8	8	1	1	8	8	8	8	8	12	12	12	4	4	4	4	4	8	8	1	1	1	1	1	1	1	1	8	8	24	1	1	8	8	1	1	8	8	8	8	8	12	12	12	4	4	4	4	4	8	8	1	1	1	8	8	1	1	8	8	8	8	8	12	12	12	4	4	4	4	4	8	8	1	1	1	1	1	1	1	1	8	8	24	1	1	8	8	1	1	8	8	8	8	8	12	12	12	4	4	4	4	4	8	8	1	1	1	8	8	1	1	8	8	8	8	8	12	12	12	4	4	4	4	4	8	8	1	1	1	1	1	1	1	1	8	8	24	1	1	8	8	1	1	8	8	8	8	8	12	12	12	4	4	4	4	4	8	8	1	1	1	8	8	1	1	8	8	8	8	8	12	12	12	4	4	4	4	4	8	8	1	1	1	1	1	1	1	1	8	8	24	1	1	8	8	1	1	8	8	8	8	8	12	12	12	4	4	4	4	4	8	8	1	1	1	8	8	1	1	8	8	8	8	8	12	12	12	4	4	4	4	4	8	8	1	1	1	1	1	1	1	1	8	8	24	1	1	8	8	1	1	8	8	8	8	8	12	12	12	4	4	4	4	4	8	8	1	1	1	8	8	1	1	8	8	8	8	8	12	12	12	4	4	4	4	4	8	8	1	1	1	1	1	1	1	1	8	8	24	1	1	8	8	1	1	8	8	8	8	8	12	12	12	4	4	4	4	4	8	8	1	1	1	8	8	1	1	8	8	8	8	8	12	12	12	4	4	4	4	4	8	8	1	1	1	1	1	1	1	1	8	8	24	1	1	8	8	1	1	8	8	8	8	8	12	12	12	4	4	4	4	4	8	8	1	1	1	8	8	1	1	8	8	8	8	8	12	12	12	4	4	4	4	4	8	8	1	1	1	1	1	1	1	1	8	8	24	1	1	8	8	1	1	8	8	8	8	8	12	12	12	4	4	4	4	4	8	8	1	1	1


#RU
143.22	384.93	8.12	438.9	592.9	869.05	1355.2	577.5	300.3	300.3	1155	454.3	1771	623.7	693	1039.5	1309	123.2	215.6	90.51	204.26	204.26	374.22	374.22	371.91	379.61	420.42	419.65	173.25	100.1	115.5	87.85	190.96	98.56	12.32	20.02	42.35	0.07	12.04	48.51	3.85	30.8	127.82	53.9	66.22	66.99	0.07	156.31	109.34	130.9	136.92	400.4	400.4	400.4	200.97	366.52	129.36	300.3	150.15	138.6	303.38	455.07	666.05	666.05	72.38	300.3	300.3	3.85	4.62	22.33	204.05	0.07	167.09	26.18	177.1	157.85	77	114.73	86.24	138.6	138.6	3.08	200.97	539.77	0.07	22.33	23.87	30.03	6.16	334.18	20.79	8.47	162.47	210.98	154.7	140	259	259	259	259	259	259	259	259	259	259	259	150.5	154	157.5	157.5	157.5	157.5	374.5	392	157.5	157.5	157.5	157.5	157.5	157.5	157.5	78.4	154	157.5	157.5	157.5	157.5	268.1	266	8.4	4.2	157.5	157.5	84	84	84	84	77	150.5	150.5	157.5	157.5	154	94.5	94.5	94.5	94.5	84	84	84	35	84	35	162.4	143.5	143.5	155.4	155.4	155.4	162.4	182.7	182.7	144.2	182.7	164.5	164.5	144.2	144.2	140	140	140	140	324.8	131.6	125.3	125.3	125.3	125.3	154	38.5	35	35	16.1	1.47	1.47	5.04	5.04	3.5	3.5	3.5	3.5	259	3.99	3.99	4.62	0.63	0.63	0.63	18.9	21	21	38.5	38.5	28	38.5	35	70	42	1.96	1.19	36.05	38.5	38.5	53.9	38.5	38.5	158.2	17.5	11.9	3.08	0.21	4.62	2.38	4.55	4.55	4.55	2.1	2.45	1.19	1.19	3.08	36.4	21	73.5	73.5	21	21	21	87.5	73.5	1.05	0.98	24.5	14	24.5	24.5	24.5	67.9	24.5	21	19.6	5.6	1.4	3.08	1.89	3.43	65.1	25.13	1.75	4.2	4.2	157.5	157.5	1.75	8.4	119	42.7	14.7	4.9	7	21.28	1.4	1.33	1.4	157.5	25.2	1.89	70.7	8.4	8.4	1.12	4.2	5.81	47.6	47.6	21.7	21.7	35	87.5	87.5	21	1.75	2.38	17.5	17.5	21.7	21.7	54.6	33.6	38.5	38.5	79.1	79.1	11.76	270.2	268.1	4.2	94.5	8.96	8.75	14	14	13.3	16.8	16.8	20.3	35	35	35	35	17.5	17.5	17.5	17.5	17.5	17.5	17.5	4.2	49	35	49	35	16.8	11.55	10.22	10.22	10.22	3.85	3.85	5.25	5.6	38.5	161	157.5	12.6	22.4	17.5	84	84	84	77	87.5	87.5	83.3	81.9	77	70	38.5	10.5	38.5	8.4	8.4	2.8	2.8	10.5	15.4	157.5	32.2	32.2	9.8	9.8	9.8	2.66	2.94	9.8	86.1	89.6	112.7	112.7	35	77	31.5	31.5	77	77	28	157.5	157.5	157.5	24.5	5.6	17.5	21	22.4	22.4	7.35	7.35	84	84	1.26	3.43	0.21	35	35	155.4	19.6	20.3	19.6	38.5	70	74.2	1.54	0.91	2.03	4.2	38.15	4.2	3.5	19.95	3.08	21	8.05	84	4.55	2.8	1.89	1.89	1.82	2.1	2.8	0.42	3.08	0.91	6.93	0.91	35	35	19.6	38.5	6.93	3.08	3.08	2.45	1.19	0.14	0.91	0.91	0.21	4.27	2.17	3.08	140	140	2.03	0.21	14.21	46.9	45.5	0.21	3.85	0.7	3.08	21.42	21.42	4.55	0.91	0.7	4.27	1.54	3.92	3.08	7	1.19	3.08	39.2	12.6	2.8	0.35	164.5	35	75.6	75.6	11.48	6.79	0.21	0.77	0.77	8.4	7.35	0.84	2.31	0.63	2.17	35	22.4	24.5	38.5	38.5	0.35	2.1	0.28	38.5	38.5	5.6	0.49	0.21	0.28	0.63	0.49	7.7	14	19.6	9.24	9.24	4.13	17.5	38.5	38.5	38.5	38.5	4.62	15.4	1.96	2.8	2.8	2.8	2.8	11.2	14	8.68	8.68	28.35	5.39	0.42	1.4	3.5	1.19	17.5	24.22	17.5	1.19	0.14	0.28	9.24	3.5	3.5	9.24	0.35	14	4.41	0.42	0.21	1.19	1.96	0.21	2.1	1.75	10.29	0.21	0.91	0.7	0.07	0.07	2.87	0.35	7.91	4.2	22.4	28	12.81	4.2	35	2.38	6.16	0.07	19.6	18.69	18.69	18.69	18.69	18.69	18.69	19.6	2.8	2.8	37.8	36.4	35.7	12.6	0	0	0	0	0	0

#RD
143.22	384.93	8.12	438.9	592.9	869.05	1355.2	577.5	300.3	300.3	1155	454.3	1771	623.7	693	1039.5	1309	123.2	215.6	90.51	204.26	204.26	374.22	374.22	371.91	379.61	420.42	419.65	173.25	100.1	115.5	87.85	190.96	98.56	12.32	20.02	42.35	0.07	12.04	48.51	3.85	30.8	127.82	53.9	66.22	66.99	0.07	156.31	109.34	130.9	136.92	400.4	400.4	400.4	200.97	366.52	129.36	300.3	150.15	138.6	303.38	455.07	666.05	666.05	72.38	300.3	300.3	3.85	4.62	22.33	204.05	0.07	167.09	26.18	177.1	157.85	77	114.73	86.24	138.6	138.6	3.08	200.97	539.77	0.07	22.33	23.87	30.03	6.16	334.18	20.79	8.47	162.47	210.98	154.7	140	259	259	259	259	259	259	259	259	259	259	259	150.5	154	157.5	157.5	157.5	157.5	374.5	392	157.5	157.5	157.5	157.5	157.5	157.5	157.5	78.4	154	157.5	157.5	157.5	157.5	268.1	266	8.4	4.2	157.5	157.5	84	84	84	84	77	150.5	150.5	157.5	157.5	154	94.5	94.5	94.5	94.5	84	84	84	35	84	35	162.4	143.5	143.5	155.4	155.4	155.4	162.4	182.7	182.7	144.2	182.7	164.5	164.5	144.2	144.2	140	140	140	140	324.8	131.6	125.3	125.3	125.3	125.3	154	38.5	35	35	16.1	1.47	1.47	5.04	5.04	3.5	3.5	3.5	3.5	259	3.99	3.99	4.62	0.63	0.63	0.63	18.9	21	21	38.5	38.5	28	38.5	35	70	42	1.96	1.19	36.05	38.5	38.5	53.9	38.5	38.5	158.2	17.5	11.9	3.08	0.21	4.62	2.38	4.55	4.55	4.55	2.1	2.45	1.19	1.19	3.08	36.4	21	73.5	73.5	21	21	21	87.5	73.5	1.05	0.98	24.5	14	24.5	24.5	24.5	67.9	24.5	21	19.6	5.6	1.4	3.08	1.89	3.43	65.1	25.13	1.75	4.2	4.2	157.5	157.5	1.75	8.4	119	42.7	14.7	4.9	7	21.28	1.4	1.33	1.4	157.5	25.2	1.89	70.7	8.4	8.4	1.12	4.2	5.81	47.6	47.6	21.7	21.7	35	87.5	87.5	21	1.75	2.38	17.5	17.5	21.7	21.7	54.6	33.6	38.5	38.5	79.1	79.1	11.76	270.2	268.1	4.2	94.5	8.96	8.75	14	14	13.3	16.8	16.8	20.3	35	35	35	35	17.5	17.5	17.5	17.5	17.5	17.5	17.5	4.2	49	35	49	35	16.8	11.55	10.22	10.22	10.22	3.85	3.85	5.25	5.6	38.5	161	157.5	12.6	22.4	17.5	84	84	84	77	87.5	87.5	83.3	81.9	77	70	38.5	10.5	38.5	8.4	8.4	2.8	2.8	10.5	15.4	157.5	32.2	32.2	9.8	9.8	9.8	2.66	2.94	9.8	86.1	89.6	112.7	112.7	35	77	31.5	31.5	77	77	28	157.5	157.5	157.5	24.5	5.6	17.5	21	22.4	22.4	7.35	7.35	84	84	1.26	3.43	0.21	35	35	155.4	19.6	20.3	19.6	38.5	70	74.2	1.54	0.91	2.03	4.2	38.15	4.2	3.5	19.95	3.08	21	8.05	84	4.55	2.8	1.89	1.89	1.82	2.1	2.8	0.42	3.08	0.91	6.93	0.91	35	35	19.6	38.5	6.93	3.08	3.08	2.45	1.19	0.14	0.91	0.91	0.21	4.27	2.17	3.08	140	140	2.03	0.21	14.21	46.9	45.5	0.21	3.85	0.7	3.08	21.42	21.42	4.55	0.91	0.7	4.27	1.54	3.92	3.08	7	1.19	3.08	39.2	12.6	2.8	0.35	164.5	35	75.6	75.6	11.48	6.79	0.21	0.77	0.77	8.4	7.35	0.84	2.31	0.63	2.17	35	22.4	24.5	38.5	38.5	0.35	2.1	0.28	38.5	38.5	5.6	0.49	0.21	0.28	0.63	0.49	7.7	14	19.6	9.24	9.24	4.13	17.5	38.5	38.5	38.5	38.5	4.62	15.4	1.96	2.8	2.8	2.8	2.8	11.2	14	8.68	8.68	28.35	5.39	0.42	1.4	3.5	1.19	17.5	24.22	17.5	1.19	0.14	0.28	9.24	3.5	3.5	9.24	0.35	14	4.41	0.42	0.21	1.19	1.96	0.21	2.1	1.75	10.29	0.21	0.91	0.7	0.07	0.07	2.87	0.35	7.91	4.2	22.4	28	12.81	4.2	35	2.38	6.16	0.07	19.6	18.69	18.69	18.69	18.69	18.69	18.69	19.6	2.8	2.8	37.8	36.4	35.7	12.6	0	0	0	0	0	0

#MSR
0.233333333	0.233333333	0.886666667	0.886666667	0.233333333	0.233333333	0.886666667	0.886666667	1.166666667	1.16666666	1.166666667	2.298333333	2.298333333	2.298333333	0.14	0.14	0.14	0.14	0.14	1.808333333	1.808333333	4.666666667	4.666666667	0.583333333	0.583333333	0.583333333	0.583333333	0.583333333	0.583333333	1.808333333	1.808333333	4.083333333	0.233333333	0.233333333	0.886666667	0.886666667	0.233333333	0.233333333	0.886666667	0.886666667	1.166666667	1.166666667	1.166666667	2.298333333	2.298333333	2.298333333	0.14	0.14	0.14	0.14	0.14	1.808333333	1.808333333	4.666666667	0.233333333	0.233333333	0.886666667	0.886666667	0.233333333	0.233333333	0.886666667	0.886666667	1.166666667	1.16666666	1.166666667	2.298333333	2.298333333	2.298333333	0.14	0.14	0.14	0.14	0.14	1.808333333	1.808333333	4.666666667	4.666666667	0.583333333	0.583333333	0.583333333	0.583333333	0.583333333	0.583333333	1.808333333	1.808333333	4.083333333	0.233333333	0.233333333	0.886666667	0.886666667	0.233333333	0.233333333	0.886666667	0.886666667	1.166666667	1.166666667	1.166666667	2.298333333	2.298333333	2.298333333	0.14	0.14	0.14	0.14	0.14	1.808333333	1.808333333	4.666666667	0.233333333	0.233333333	0.886666667	0.886666667	0.233333333	0.233333333	0.886666667	0.886666667	1.166666667	1.16666666	1.166666667	2.298333333	2.298333333	2.298333333	0.14	0.14	0.14	0.14	0.14	1.808333333	1.808333333	4.666666667	4.666666667	0.583333333	0.583333333	0.583333333	0.583333333	0.583333333	0.583333333	1.808333333	1.808333333	4.083333333	0.233333333	0.233333333	0.886666667	0.886666667	0.233333333	0.233333333	0.886666667	0.886666667	1.166666667	1.166666667	1.166666667	2.298333333	2.298333333	2.298333333	0.14	0.14	0.14	0.14	0.14	1.808333333	1.808333333	4.666666667	0.233333333	0.233333333	0.886666667	0.886666667	0.233333333	0.233333333	0.886666667	0.886666667	1.166666667	1.16666666	1.166666667	2.298333333	2.298333333	2.298333333	0.14	0.14	0.14	0.14	0.14	1.808333333	1.808333333	4.666666667	4.666666667	0.583333333	0.583333333	0.583333333	0.583333333	0.583333333	0.583333333	1.808333333	1.808333333	4.083333333	0.233333333	0.233333333	0.886666667	0.886666667	0.233333333	0.233333333	0.886666667	0.886666667	1.166666667	1.166666667	1.166666667	2.298333333	2.298333333	2.298333333	0.14	0.14	0.14	0.14	0.14	1.808333333	1.808333333	4.666666667	0.233333333	0.233333333	0.886666667	0.886666667	0.233333333	0.233333333	0.886666667	0.886666667	1.166666667	1.16666666	1.166666667	2.298333333	2.298333333	2.298333333	0.14	0.14	0.14	0.14	0.14	1.808333333	1.808333333	4.666666667	4.666666667	0.583333333	0.583333333	0.583333333	0.583333333	0.583333333	0.583333333	1.808333333	1.808333333	4.083333333	0.233333333	0.233333333	0.886666667	0.886666667	0.233333333	0.233333333	0.886666667	0.886666667	1.166666667	1.166666667	1.166666667	2.298333333	2.298333333	2.298333333	0.14	0.14	0.14	0.14	0.14	1.808333333	1.808333333	4.666666667	0.233333333	0.233333333	0.886666667	0.886666667	0.233333333	0.233333333	0.886666667	0.886666667	1.166666667	1.16666666	1.166666667	2.298333333	2.298333333	2.298333333	0.14	0.14	0.14	0.14	0.14	1.808333333	1.808333333	4.666666667	4.666666667	0.583333333	0.583333333	0.583333333	0.583333333	0.583333333	0.583333333	1.808333333	1.808333333	4.083333333	0.233333333	0.233333333	0.886666667	0.886666667	0.233333333	0.233333333	0.886666667	0.886666667	1.166666667	1.166666667	1.166666667	2.298333333	2.298333333	2.298333333	0.14	0.14	0.14	0.14	0.14	1.808333333	1.808333333	4.666666667	0.233333333	0.233333333	0.886666667	0.886666667	0.233333333	0.233333333	0.886666667	0.886666667	1.166666667	1.16666666	1.166666667	2.298333333	2.298333333	2.298333333	0.14	0.14	0.14	0.14	0.14	1.808333333	1.808333333	4.666666667	4.666666667	0.583333333	0.583333333	0.583333333	0.583333333	0.583333333	0.583333333	1.808333333	1.808333333	4.083333333	0.233333333	0.233333333	0.886666667	0.886666667	0.233333333	0.233333333	0.886666667	0.886666667	1.166666667	1.166666667	1.166666667	2.298333333	2.298333333	2.298333333	0.14	0.14	0.14	0.14	0.14	1.808333333	1.808333333	4.666666667	0.233333333	0.233333333	0.886666667	0.886666667	0.233333333	0.233333333	0.886666667	0.886666667	1.166666667	1.16666666	1.166666667	2.298333333	2.298333333	2.298333333	0.14	0.14	0.14	0.14	0.14	1.808333333	1.808333333	4.666666667	4.666666667	0.583333333	0.583333333	0.583333333	0.583333333	0.583333333	0.583333333	1.808333333	1.808333333	4.083333333	0.233333333	0.233333333	0.886666667	0.886666667	0.233333333	0.233333333	0.886666667	0.886666667	1.166666667	1.166666667	1.166666667	2.298333333	2.298333333	2.298333333	0.14	0.14	0.14	0.14	0.14	1.808333333	1.808333333	4.666666667	0.233333333	0.233333333	0.886666667	0.886666667	0.233333333	0.233333333	0.886666667	0.886666667	1.166666667	1.16666666	1.166666667	2.298333333	2.298333333	2.298333333	0.14	0.14	0.14	0.14	0.14	1.808333333	1.808333333	4.666666667	4.666666667	0.583333333	0.583333333	0.583333333	0.583333333	0.583333333	0.583333333	1.808333333	1.808333333	4.083333333	0.233333333	0.233333333	0.886666667	0.886666667	0.233333333	0.233333333	0.886666667	0.886666667	1.166666667	1.166666667	1.166666667	2.298333333	2.298333333	2.298333333	0.14	0.14	0.14	0.14	0.14	1.808333333	1.808333333	4.666666667	0.233333333	0.233333333	0.886666667	0.886666667	0.233333333	0.233333333	0.886666667	0.886666667	1.166666667	1.16666666	1.166666667	2.298333333	2.298333333	2.298333333	0.14	0.14	0.14	0.14	0.14	1.808333333	1.808333333	4.666666667	4.666666667	0.583333333	0.583333333	0.583333333	0.583333333	0.583333333	0.583333333	1.808333333	1.808333333	4.083333333	0.233333333	0.233333333	0.886666667	0.886666667	0.233333333	0.233333333	0.886666667	0.886666667	1.166666667	1.166666667	1.166666667	2.298333333	2.298333333	2.298333333	0.14	0.14	0.14	0.14	0.14	1.808333333	1.808333333	4.666666667	0.233333333	0.233333333	0.886666667	0.886666667	0.233333333	0.233333333	0.886666667	0.886666667	1.166666667	1.16666666	1.166666667	2.298333333	2.298333333	2.298333333	0.14	0.14	0.14	0.14	0.14	1.808333333	1.808333333	4.666666667	4.666666667	0.583333333	0.583333333	0.583333333	0.583333333	0.583333333	0.583333333	1.808333333	1.808333333	4.083333333	0.233333333	0.233333333	0.886666667	0.886666667	0.233333333	0.233333333	0.886666667	0.886666667	1.166666667	1.166666667	1.166666667	2.298333333	2.298333333	2.298333333	0.14	0.14	0.14	0.14	0.14	1.808333333	1.808333333	4.666666667	0.233333333	0.233333333

#QSC
0	0	0	0	0	0	0	0	0	0	0	0	0	0	0	0	0	0	0	0	0	0	0	0	0	0	0	0	0	0	0	0	0	0	0	0	0	0	0	0	0	0	0	0	0	0	0	0	0	0	0	0	0	0	0	0	0	0	0	0	0	0	0	0	0	0	0	0	0	0	0	0	0	0	0	0	0	0	0	0	0	0	0	0	0	0	0	0	0	0	0	0	0	0	0	0	0	0	0	0	0	0	0	0	0	0	0	0	0	0	0	0	0	0	0	0	0	0	0	0	0	0	0	0	0	0	0	0	0	0	0	0	0	0	0	0	0	0	0	0	0	0	0	0	0	0	0	0	0	0	0	0	0	0	0	0	0	0	0	0	0	0	0	0	0	0	0	0	0	0	0	0	0	0	0	0	0	0	0	0	0	0	0	0	0	0	0	0	0	0	0	0	0	0	0	0	0	0	0	0	0	0	0	0	0	0	0	0	0	0	0	0	0	0	0	0	0	0	0	0	0	0	0	0	0	0	0	0	0	0	0	0	0	0	0	0	0	0	0	0	0	0	0	0	0	0	0	0	0	0	0	0	0	0	0	0	0	0	0	0	0	0	0	0	0	0	0	0	0	0	0	0	0	0	0	0	0	0	0	0	0	0	0	0	0	0	0	0	0	0	0	0	0	0	0	0	0	0	0	0	0	0	0	0	0	0	0	0	0	0	0	0	0	0	0	0	0	0	0	0	0	0	0	0	0	0	0	0	0	0	0	0	0	0	0	0	0	0	0	0	0	0	0	0	0	0	0	0	0	0	0	0	0	0	0	0	0	0	0	0	0	0	0	0	0	0	0	0	0	0	0	0	0	0	0	0	0	0	0	0	0	0	0	0	0	0	0	0	0	0	0	0	0	0	0	0	0	0	0	0	0	0	0	0	0	0	0	0	0	0	0	0	0	0	0	0	0	0	0	0	0	0	0	0	0	0	0	0	0	0	0	0	0	0	0	0	0	0	0	0	0	0	0	0	0	0	0	0	0	0	0	0	0	0	0	0	0	0	0	0	0	0	0	0	0	0	0	0	0	0	0	0	0	0	0	0	0	0	0	0	0	0	0	0	0	0	0	0	0	0	0	0	0	0	0	0	0	0	0	0	0	0	0	0	0	0	0	0	0	0	0	0	0	0	0	0	0	0	0	0	0	0	0	0	0	0	0	0	0	0	0	0	0	0	0	0	0	0	0	0	0	0	0	0	0	0	0	0	0	0	0	0	0	0	0	0	0	0	0	0	0	0	0	0	0	0	0	0	0	0	0	0	0	0	0	0	0	0	0	0	0	0	0	0	0	0	0	0	0	0	0	0	0	0	0	0

#UBO
1	1	1	1	1	1	1	1	1	1	1	1	1	1	1	1	1	1	1	1	1	1	1	1	1	1	1	1	1	1	1	1	1	1	1	1	1	1	1	1	1	1	1	1	1	1	1	1	1	1	1	1	1	1	1	1	1	1	1	1	1	1	1	1	1	1	1	1	1	1	1	1	1	1	1	1	1	1	1	1	1	1	1	1	1	1	1	1	1	1	1	1	1	1	1	1	1	1	1	1	1	1	1	1	1	1	1	1	1	1	1	1	1	1	1	1	1	1	1	1	1	1	1	1	1	1	1	1	1	1	1	1	1	1	1	1	1	1	1	1	1	1	1	1	1	1	1	1	1	1	1	1	1	1	1	1	1	1	1	1	1	1	1	1	1	1	1	1	1	1	1	1	1	1	1	1	1	1	1	1	1	1	1	1	1	1	1	1	1	1	1	1	1	1	1	1	1	1	1	1	1	1	1	1	1	1	1	1	1	1	1	1	1	1	1	1	1	1	1	1	1	1	1	1	1	1	1	1	1	1	1	1	1	1	1	1	1	1	1	1	1	1	1	1	1	1	1	1	1	1	1	1	1	1	1	1	1	1	1	1	1	1	1	1	1	1	1	1	1	1	1	1	1	1	1	1	1	1	1	1	1	1	1	1	1	1	1	1	1	1	1	1	1	1	1	1	1	1	1	1	1	1	1	1	1	1	1	1	1	1	1	1	1	1	1	1	1	1	1	1	1	1	1	1	1	1	1	1	1	1	1	1	1	1	1	1	1	1	1	1	1	1	1	1	1	1	1	1	1	1	1	1	1	1	1	1	1	1	1	1	1	1	1	1	1	1	1	1	1	1	1	1	1	1	1	1	1	1	1	1	1	1	1	1	1	1	1	1	1	1	1	1	1	1	1	1	1	1	1	1	1	1	1	1	1	1	1	1	1	1	1	1	1	1	1	1	1	1	1	1	1	1	1	1	1	1	1	1	1	1	1	1	1	1	1	1	1	1	1	1	1	1	1	1	1	1	1	1	1	1	1	1	1	1	1	1	1	1	1	1	1	1	1	1	1	1	1	1	1	1	1	1	1	1	1	1	1	1	1	1	1	1	1	1	1	1	1	1	1	1	1	1	1	1	1	1	1	1	1	1	1	1	1	1	1	1	1	1	1	1	1	1	1	1	1	1	1	1	1	1	1	1	1	1	1	1	1	1	1	1	1	1	1	1	1	1	1	1	1	1	1	1	1	1	1	1	1	1	1	1	1	1	1	1	1	1	1	1	1	1	1	1	1	1	1	1	1	1	1	1	1	1	1	1	1	1	1	1	1	1	1	1	1	1	1	1	1	1	1	1	1	1	1	1	1	1	1	1	1	1	1	1	1	1	1	1	1	1	1	1	1	1	1	1	1	1	1	1	1	1	1	1	1	1	1	1	1	1	1	1	1	1	1	1	1	1	1	1	1	1	1	1	1	1	1	1	1	1	1	1	1	1	1	1	1	1	1	1	1	1	1	1	1	1	1	1	1	1	1	1	1	1	1	1	1	1	1	1	1	1	1	1	1	1	1	1	1	1	1	1	1	1	1	1	1	1	1	1	1	1	1	1	1	1	1	1	1	1	1	1	1	1	1	1	1	1	1	1	1	1	1	1	1	1	1	1	1	1	1	1	1	1	1	1	1	1	1	1	1	1	1	1	1	1	1	1	1	1	1	1	1	1	1	1	1	1	1	1	1	1	1	1	1	1	1	1	1	1	1	1	1	1	1	1	1	1	1	1	1	1	1	1	1	1	1	1	1	1	1	1	1	1	1	1	1	1	1	1	1	1	1	1	1	1	1	1	1	1	1	1	1	1	1	1	1	1	1	1	1	1	1	1	1	1	1	1	1	1	1	1	1	1	1	1	1	1	1	1	1	1	1	1	1	1	1	1	1	1	1	1	1	1	1	1	1	1	1	1	1	1	1	1	1	1	1	1	1	1	1	1	1	1	1	1	1	1	1	1	1	1	1	1	1	1	1	1	1	1	1	1	1	1	1	1	1	1	1	1	1	1	1	1	1	1	1	1	1	1	1	1	1	1	1	1	1	1	1	1	1	1	1	1	1	1	1	1	1	1	1	1	1	1	1	1	1	1	1	1	1	1	1	1	1	1	1	1	1	1	1	1	1	1	1	1	1	1	1	1	1	1	1	1	1	1	1	1	1	1	1	1	1	1	1	1	1	1	1	1	1	1	1	1	1	1	1	1	1	1	1	1	1	1	1	1	1	1	1	1	1	1	1	1	1	1	1	1	1	1	1	1	1	1	1	1	1	1	1	1	1	1	1	1	1	1	1	1	1	1	1	1	1	1	1	1	1	1	1	1	1	1	1	1	1	1	1	1	1	1	1	1	1	1	1	1	1	1	1	1	1	1	1	1	1	1	1	1	1	1	1	1	1	1	1	1	1	1	1	1	1	1	1	1	1	1	1	1	1	1	1	1	1	1	1	1	1	1	1	1	1	1	1	1	1	1	1	1	1	1	1	1	1	1	1	1	1	1	1	1	1	1	1	1	1	1	1	1	1	1	1	1	1	1	1	1	1	1	1	1	1	1	1	1	1	1	1	1	1	1	1	1	1	1	1	1	1	1	1	1	1	1	1	1	1	1	1	1	1	1	1	1	1	1	1	1	1	1	1	1	1	1	1	1	1	1	1	1	1	1	1	1	1	1	1	1	1	1	1	1	1	1	1	1	1	1	1	1	1	1	1	1	1	1	1	1	1	1	1	1	1	1	1	1	1	1	1	1	1	1	1	1	1	1	1	1	1	1	1	1	1	1	1	1	1	1	1	1	1	1	1	1	1	1	1	1	1	1	1	1	1	1	1	1	1	1	1	1	1	1	1	1	1	1	1	1	1	1	1	1	1	1	1	1	1	1	1	1	1	1	1	1	1	1	1	1	1	1	1	1	1	1	1	1	1	1	1	1	1	1	1	1	1	1	1	1	1	1	1	1	1	1	1	1	1	1	1	1	1	1	1	1	1	1	1	1	1	1	1	1	1	1	1	1	1	1	1	1	1	1	1	1	1	1	1	1	1	1	1	1	1	1	1	1	1	1	1	1	1	1	1	1	1	1	1	1	1	1	1	1	1	1	1	1	1	1	1	1	1	1	1	1	1	1	1	1	1	1	1	1	1	1	1	1	1	1	1	1	1	1	1	1	1	1	1	1	1	1	1	1	1	1	1	1	1	1	1	1	1	1	1	1	1	1	1	1	1	1	1	1	1	1	1	1	1	1	1	1	1	1	1	1	1	1	1	1	1	1	1	1	1	1	1	1	1	1	1	1	1	1	1	1	1	1	1	1	1	1	1	1	1	1	1	1	1	1	1	1	1	1	1	1	1	1	1	1	1	1	1	1	1	1	1	1	1	1	1	1	1	1	1	1	1	1	1	1	1	1	1	1	1	1	1	1	1	1	1	1	1	1	1	1	1	1	1	1	1	1	1	1	1	1	1	1	1	1	1	1	1	1	1	1	1	1	1	1	1	1	1	1	1	1	1	1	1	1	1	1	1	1	1	1	1	1	1	1	1	1	1	1	1	1	1	1	1	1	1	1	1	1	1	1	1	1	1	1	1	1	1	1	1	1	1	1	1	1	1	1	1	1	1	1	1	1	1	1	1	1	1	1	1	1	1	1	1	1	1	1	1	1	1	1	1	1	1	1	1	1	1	1	1	1	1	1	1	1	1	1	1	1	1	1	1	1	1	1	1	1	1	1	1	1	1	1	1	1	1	1	1	1	1	1	1	1	1	1	1	1	1	1	1	1	1	1	1	1	1	1	1	1	1	1	1	1	1	1	1	1	1	1	1	1	1	1	1	1	1	1	1	1	1	1	1	1	1	1	1	1	1	1	1	1	1	1	1	1	1	1	1	1	1	1	1	1	1	1	1	1	1	1	1	1	1	1	1	1	1	1	1	1	1	1	1	1	1	1	1	1	1	1	1	1	1	1	1	1	1	1	1	1	1	1	1	1	1	1	1	1	1	1	1	1	1	1	1	1	1	1	1	1	1	1	1	1	1	1	1	1	1	1	1	1	1	1	1	1	1	1	1	1	1	1	1	1	1	1	1	1	1	1	1	1	1	1	1	1	1	1	1	1	1	1	1	1	1	1	1	1	1	1	1	1	1	1	1	1	1	1	1	1	1	1	1	1	1	1	1	1	1	1	1	1	1	1	1	1	1	1	1	1	1	1	1	1	1	1	1	1	1	1	1	1	1	1	1	1	1	1	1	1	1	1	1	1	1	1	1	1	1	1	1	1	1	1	1	1	1	1	1	1	1	1	1	1	1	1	1	1	1	1	1	1	1	1	1	1	1	1	1	1	1	1	1	1	1	1	1	1	1	1	1	1	1	1	1	1	1	1	1	1	1	1	1	1	1	1	1	1	1	1	1	1	1	1	1	1	1	1	1	1	1	1	1	1	1	1	1	1	1	1	1	1	1	1	1	1	1	1	1	1	1	1	1	1	1	1	1	1	1	1	1	1	1	1	1	1	1	1	1	1	1	1	1	1	1	1	1	1	1	1	1	1	1	1	1	1	1	1	1	1	1	1	1	1	1	1	1	1	1	1	1	1	1	1	1	1	1	1	1	1	1	1	1	1	1	1	1	1	1	1	1	1	1	1	1	1	1	1	1	1	1	1	1	1	1	1	1	1	1	1	1	1	1	1	1	1	1	1	1	1	1	1	1	1	1	1	1	1	1	1	1	1	1	1	1	1	1	1	1	1	1	1	1	1	1	1	1	1	1	1	1	1	1	1	1	1	1	1	1	1	1	1	1	1	1	1	1	1	1	1	1	1	1	1	1	1	1	1	1	1	1	1	1	1	1	1	1	1	1	1	1	1	1	1	1	1	1	1	1	1	1	1	1	1	1	1	1	1	1	1	1	1	1	1	1	1	1	1	1	1	1	1	1	1	1	1	1	1	1	1	1	1	1	1	1	1	1	1	1	1	1	1	1	1	1	1	1	1	1	1	1	1	1	1	1	1	1	1	1	1	1	1	1	1	1	1	1	1	1	1	1	1	1	1	1	1	1	1	1	1	1	1	1	1	1	1	1	1	1	1	1	1	1	1	1	1	1	1	1	1	1	1	1	1	1	1	1	1	1	1	1	1	1	1	1	1	1	1	1	1	1	1	1	1	1	1	1	1	1	1	1	1	1	1	1	1	1	1	1	1	1	1	1	1	1	1	1	1	1	1	1	1	1	1	1	1	1	1	1	1	1	1	1	1	1	1	1	1	1	1	1	1	1	1	1	1	1	1	1	1	1	1	1	1	1	1	1	1	1	1	1	1	1	1	1	1	1	1	1	1	1	1	1	1	1	1	1	1	1	1	1	1	1	1	1	1	1	1	1	1	1	1	1	1	1	1	1	1	1	1	1	1	1	1	1	1	1	1	1	1	1	1	1	1	1	1	1	1	1	1	1	1	1	1	1	1	1	1	1	1	1	1	1	1	1	1	1	1	1	1	1	1	1	1	1	1	1	1	1	1	1	1	1	1	1	1	1	1	1	1	1	1	1	1	1	1	1	1	1	1	1	1	1	1	1	1	1	1	1	1	1	1	1	1	1	1	1	1	1	1	1	1	1	1	1	1	1	1	1	1	1	1	1	1	1	1	1	1	1	1	1	1	1	1	1	1	1	1	1	1	1	1	1	1	1	1	1	1	1	1	1	1	1	1	1	1	1	1	1	1	1	1	1	1	1	1	1	1	1	1	1	1	1	1	1	1	1	1	1	1	1	1	1	1	1	1	1	1	1	1	1	1	1	1	1	1	1	1	1	1	1	1	1	1	1	1	1	1	1	1	1	1	1	1	1	1	1	1	1	1	1	1	1	1	1	1	1	1	1	1	1	1	1	1	1	1	1	1	1	1	1	1	1	1	1	1	1	1	1	1	1	1	1	1	1	1	1	1	1	1	1	1	1	1	1	1	1	1	1	1	1	1	1	1	1	1	1	1	1	1	1	1	1	1	1	1	1	1	1	1	1	1	1	1	1	1	1	1	1	1	1	1	1	1	1	1	1	1	1	1	1	1	1	1	1	1	1	1	1	1	1	1	1	1	1	1	1	1	1	1	1	1	1	1	1	1	1	1	1	1	1	1	1	1	1	1	1	1	1	1	1	1	1	1	1	1	1	1	1	1	1	1	1	1	1	1	1	1	1	1	1	1	1	1	1	1	1	1	1	1	1	1	1	1	1	1	1	1	1	1	1	1	1	1	1	1	1	1	1	1	1	1	1	1	1	1	1	1	1	1	1	1	1	1	1	1	1	1	1	1	1	1	1	1	1	1	1	1	1	1	1	1	1	1	1	1	1	1	1	1	1	1	1	1	1	1	1	1	1	1	1	1	1	1	1	1	1	1	1	1	1	1	1	1	1	1	1	1	1	1	1	1	1	1	1	1	1	1	1	1	1	1	1	1	1	1	1	1	1	1	1	1	1	1	1	1	1	1	1	1	1	1	1	1	1	1	1	1	1	1	1	1	1	1	1	1	1	1	1	1	1	1	1	1	1	1	1	1	1	1	1	1	1	1	1	1	1	1	1	1	1	1	1	1	1	1	1	1	1	1	1	1	1	1	1	1	1	1	1	1	1	1	1	1	1	1	1	1	1	1	1	1	1	1	1	1	1	1	1	1	1	1	1	1	1	1	1	1	1	1	1	1	1	1	1	1	1	1	1	1	1	1	1	1	1	1	1	1	1	1	1	1	1	1	1	1	1	1	1	1	1	1	1	1	1	1	1	1	1	1	1	1	1	1	1	1	1	1	1	1	1	1	1	1	1	1	1	1	1	1	1	1	1	1	1	1	1	1	1	1	1	1	1	1	1	1	1	1	1	1	1	1	1	1	1	1	1	1	1	1	1	1	1	1	1	1	1	1	1	1	1	1	1	1	1	1	1	1	1	1	1	1	1	1	1	1	1	1	1	1	1	1	1	1	1	1	1	1	1	1	1	1	1	1	1	1	1	1	1	1	1	1	1	1	1	1	1	1	1	1	1	1	1	1	1	1	1	1	1	1	1	1	1	1	1	1	1	1	1	1	1	1	1	1	1	1	1	1	1	1	1	1	1	1	1	1	1	1	1	1	1	1	1	1	1	1	1	1	1	1	1	1	1	1	1	1	1	1	1	1	1	1	1	1	1	1	1	1	1	1	1	1	1	1	1	1	1	1	1	1	1	1	1	1	1	1	1	1	1	1	1	1	1	1	1	1	1	1	1	1	1	1	1	1	1	1	1	1	1	1	1	1	1	1	1	1	1	1	1	1	1	1	1	1	1	1	1	1	1	1	1	1	1	1	1	1	1	1	1	1	1	1	1	1	1	1	1	1	1	1	1	1	1	1	1	1	1	1	1	1	1	1	1	1	1	1	1	1	1	1	1	1	1	1	1	1	1	1	1	1	1	1	1	1	1	1	1	1	1	1	1	1	1	1	1	1	1	1	1	1	1	1	1	1	1	1	1	1	1	1	1	1	1	1	1	1	1	1	1	1	1	1	1	1	1	1	1	1	1	1	1	1	1	1	1	1	1	1	1	1	1	1	1	1	1	1	1	1	1	1	1	1	1	1	1	1	1	1	1	1	1	1	1	1	1	1	1	1	1	1	1	1	1	1	1	1	1	1	1	1	1	1	1	1	1	1	1	1	1	1	1	1	1	1	1	1	1	1	1	1	1	1	1	1	1	1	1	1	1	1	1	1	1	1	1	1	1	1	1	1	1	1	1	1	1	1	1	1	1	1	1	1	1	1	1	1	1	1	1	1	1	1	1	1	1	1	1	1	1	1	1	1	1	1	1	1	1	1	1	1	1	1	1	1	1	1	1	1	1	1	1	1	1	1	1	1	1	1	1	1	1	1	1	1	1	1	1	1	1	1	1	1	1	1	1	1	1	1	1	1	1	1	1	1	1	1	1	1	1	1	1	1	1	1	1	1	1	1	1	1	1	1	1	1	1	1	1	1	1	1	1	1	1	1	1	1	1	1	1	1	1	1	1	1	1	1	1	1	1	1	1	1	1	1	1	1	1	1	1	1	1	1	1	1	1	1	1	1	1	1	1	1	1	1	1	1	1	1	1	1	1	1	1	1	1	1	1	1	1	1	1	1	1	1	1	1	1	1	1	1	1	1	1	1	1	1	1	1	1	1	1	1	1	1	1	1	1	1	1	1	1	1	1	1	1	1	1	1	1	1	1	1	1	1	1	1	1	1	1	1	1	1	1	1	1	1	1	1	1	1	1	1	1	1	1	1	1	1	1	1	1	1	1	1	1	1	1	1	1	1	1	1	1	1	1	1	1	1	1	1	1	1	1	1	1	1	1	1	1	1	1	1	1	1	1	1	1	1	1	1	1	1	1	1	1	1	1	1	1	1	1	1	1	1	1	1	1	1	1	1	1	1	1	1	1	1	1	1	1	1	1	1	1	1	1	1	1	1	1	1	1	1	1	1	1	1	1	1	1	1	1	1	1	1	1	1	1	1	1	1	1	1	1	1	1	1	1	1	1	1	1	1	1	1	1	1	1	1	1	1	1	1	1	1	1	1	1	1	1	1	1	1	1	1	1	1	1	1	1	1	1	1	1	1	1	1	1	1	1	1	1	1	1	1	1	1	1	1	1	1	1	1	1	1	1	1	1	1	1	1	1	1	1	1	1	1	1	1	1	1	1	1	1	1	1	1	1	1	1	1	1	1	1	1	1	1	1	1	1	1	1	1	1	1	1	1	1	1	1	1	1	1	1	1	1	1	1	1	1	1	1	1	1	1	1	1	1	1	1	1	1	1	1	1	1	1	1	1	1	1	1	1	1	1	1	1	1	1	1	1	1	1	1	1	1	1	1	1	1	1	1	1	1	1	1	1	1	1	1	1	1	1	1	1	1	1	1	1	1	1	1	1	1	1	1	1	1	1	1	1	1	1	1	1	1	1	1	1	1	1	1	1	1	1	1	1	1	1	1	1	1	1	1	1	1	1	1	1	1	1	1	1	1	1	1	1	1	1	1	1	1	1	1	1	1	1	1	1	1	1	1	1	1	1	1	1	1	1	1	1	1	1	1	1	1	1	1	1	1	1	1	1	1	1	1	1	1	1	1	1	1	1	1	1	1	1	1	1	1	1	1	1	1	1	1	1	1	1	1	1	1	1	1	1	1	1	1	1	1	1	1	1	1	1	1	1	1	1	1	1	1	1	1	1	1	1	1	1	1	1	1	1	1	1	1	1	1	1	1	1	1	1	1	1	1	1	1	1	1	1	1	1	1	1	1	1	1	1	1	1	1	1	1	1	1	1	1	1	1	1	1	1	1	1	1	1	1	1	1	1	1	1	1	1	1	1	1	1	1	1	1	1	1

#NLC
900.5190882	900.5190882	178.6545376	178.6545376	900.5190882	900.5190882	178.6545376	178.6545376	815.77565	815.77565	815.77565	2321.948616	2321.948616	2321.948616	98.5490064	98.5490064	98.5490064	98.5490064	98.5490064	551.9511638	530.88	530.88	0	0	0	0	0	0	551.9511638	551.9511638	1448.00068	900.5190882	900.5190882	178.6545376	178.6545376	900.5190882	900.5190882	178.6545376	178.6545376	815.77565	815.77565	815.77565	2321.948616	2321.948616	2321.948616	98.5490064	98.5490064	98.5490064	98.5490064	98.5490064	551.9511638	551.9511638	530.88	900.5190882	900.5190882	178.6545376	178.6545376	900.5190882	900.5190882	178.6545376	178.6545376	815.77565	815.77565	815.77565	2321.948616	2321.948616	2321.948616	98.5490064	98.5490064	98.5490064	98.5490064	98.5490064	551.9511638	530.88	530.88	0	0	0	0	0	0	551.9511638	551.9511638	1448.00068	900.5190882	900.5190882	178.6545376	178.6545376	900.5190882	900.5190882	178.6545376	178.6545376	815.77565	815.77565	815.77565	2321.948616	2321.948616	2321.948616	98.5490064	98.5490064	98.5490064	98.5490064	98.5490064	551.9511638	551.9511638	530.88	900.5190882	900.5190882	178.6545376	178.6545376	900.5190882	900.5190882	178.6545376	178.6545376	815.77565	815.77565	815.77565	2321.948616	2321.948616	2321.948616	98.5490064	98.5490064	98.5490064	98.5490064	98.5490064	551.9511638	530.88	530.88	0	0	0	0	0	0	551.9511638	551.9511638	1448.00068	900.5190882	900.5190882	178.6545376	178.6545376	900.5190882	900.5190882	178.6545376	178.6545376	815.77565	815.77565	815.77565	2321.948616	2321.948616	2321.948616	98.5490064	98.5490064	98.5490064	98.5490064	98.5490064	551.9511638	551.9511638	530.88	900.5190882	900.5190882	178.6545376	178.6545376	900.5190882	900.5190882	178.6545376	178.6545376	815.77565	815.77565	815.77565	2321.948616	2321.948616	2321.948616	98.5490064	98.5490064	98.5490064	98.5490064	98.5490064	551.9511638	530.88	530.88	0	0	0	0	0	0	551.9511638	551.9511638	1448.00068	900.5190882	900.5190882	178.6545376	178.6545376	900.5190882	900.5190882	178.6545376	178.6545376	815.77565	815.77565	815.77565	2321.948616	2321.948616	2321.948616	98.5490064	98.5490064	98.5490064	98.5490064	98.5490064	551.9511638	551.9511638	530.88	900.5190882	900.5190882	178.6545376	178.6545376	900.5190882	900.5190882	178.6545376	178.6545376	815.77565	815.77565	815.77565	2321.948616	2321.948616	2321.948616	98.5490064	98.5490064	98.5490064	98.5490064	98.5490064	551.9511638	530.88	530.88	0	0	0	0	0	0	551.9511638	551.9511638	1448.00068	900.5190882	900.5190882	178.6545376	178.6545376	900.5190882	900.5190882	178.6545376	178.6545376	815.77565	815.77565	815.77565	2321.948616	2321.948616	2321.948616	98.5490064	98.5490064	98.5490064	98.5490064	98.5490064	551.9511638	551.9511638	530.88	900.5190882	900.5190882	178.6545376	178.6545376	900.5190882	900.5190882	178.6545376	178.6545376	815.77565	815.77565	815.77565	2321.948616	2321.948616	2321.948616	98.5490064	98.5490064	98.5490064	98.5490064	98.5490064	551.9511638	530.88	530.88	0	0	0	0	0	0	551.9511638	551.9511638	1448.00068	900.5190882	900.5190882	178.6545376	178.6545376	900.5190882	900.5190882	178.6545376	178.6545376	815.77565	815.77565	815.77565	2321.948616	2321.948616	2321.948616	98.5490064	98.5490064	98.5490064	98.5490064	98.5490064	551.9511638	551.9511638	530.88	900.5190882	900.5190882	178.6545376	178.6545376	900.5190882	900.5190882	178.6545376	178.6545376	815.77565	815.77565	815.77565	2321.948616	2321.948616	2321.948616	98.5490064	98.5490064	98.5490064	98.5490064	98.5490064	551.9511638	530.88	530.88	0	0	0	0	0	0	551.9511638	551.9511638	1448.00068	900.5190882	900.5190882	178.6545376	178.6545376	900.5190882	900.5190882	178.6545376	178.6545376	815.77565	815.77565	815.77565	2321.948616	2321.948616	2321.948616	98.5490064	98.5490064	98.5490064	98.5490064	98.5490064	551.9511638	551.9511638	530.88	900.5190882	900.5190882	178.6545376	178.6545376	900.5190882	900.5190882	178.6545376	178.6545376	815.77565	815.77565	815.77565	2321.948616	2321.948616	2321.948616	98.5490064	98.5490064	98.5490064	98.5490064	98.5490064	551.9511638	530.88	530.88	0	0	0	0	0	0	551.9511638	551.9511638	1448.00068	900.5190882	900.5190882	178.6545376	178.6545376	900.5190882	900.5190882	178.6545376	178.6545376	815.77565	815.77565	815.77565	2321.948616	2321.948616	2321.948616	98.5490064	98.5490064	98.5490064	98.5490064	98.5490064	551.9511638	551.9511638	530.88	900.5190882	900.5190882	178.6545376	178.6545376	900.5190882	900.5190882	178.6545376	178.6545376	815.77565	815.77565	815.77565	2321.948616	2321.948616	2321.948616	98.5490064	98.5490064	98.5490064	98.5490064	98.5490064	551.9511638	530.88	530.88	0	0	0	0	0	0	551.9511638	551.9511638	1448.00068	900.5190882	900.5190882	178.6545376	178.6545376	900.5190882	900.5190882	178.6545376	178.6545376	815.77565	815.77565	815.77565	2321.948616	2321.948616	2321.948616	98.5490064	98.5490064	98.5490064	98.5490064	98.5490064	551.9511638	551.9511638	530.88	900.5190882	900.5190882	178.6545376	178.6545376	900.5190882	900.5190882	178.6545376	178.6545376	815.77565	815.77565	815.77565	2321.948616	2321.948616	2321.948616	98.5490064	98.5490064	98.5490064	98.5490064	98.5490064	551.9511638	530.88	530.88	0	0	0	0	0	0	551.9511638	551.9511638	1448.00068	900.5190882	900.5190882	178.6545376	178.6545376	900.5190882	900.5190882	178.6545376	178.6545376	815.77565	815.77565	815.77565	2321.948616	2321.948616	2321.948616	98.5490064	98.5490064	98.5490064	98.5490064	98.5490064	551.9511638	551.9511638	530.88	900.5190882	900.5190882	178.6545376	178.6545376	900.5190882	900.5190882	178.6545376	178.6545376	815.77565	815.77565	815.77565	2321.948616	2321.948616	2321.948616	98.5490064	98.5490064	98.5490064	98.5490064	98.5490064	551.9511638	530.88	530.88	0	0	0	0	0	0	551.9511638	551.9511638	1448.00068	900.5190882	900.5190882	178.6545376	178.6545376	900.5190882	900.5190882	178.6545376	178.6545376	815.77565	815.77565	815.77565	2321.948616	2321.948616	2321.948616	98.5490064	98.5490064	98.5490064	98.5490064	98.5490064	551.9511638	551.9511638	530.88	900.5190882	900.5190882	178.6545376	178.6545376	900.5190882	900.5190882	178.6545376	178.6545376	815.77565	815.77565	815.77565	2321.948616	2321.948616

# Start up cold costs (SUCC)
28.905	28.905	733.676	733.676	28.905	28.905	733.676	733.676	2283.244	2283.244	2283.244	3126.35	3126.35	3126.35	274.312	274.312	274.312	274.312	274.312	1173.143	1173.143	0	0	0	0	0	0	0	0	1173.143	1173.143	5500.108	28.905	28.905	733.676	733.676	28.905	28.905	733	676	733.676	2283.244	2283.244	2283.244	3126.35	3126.35	3126.35	274.312	274.312	274.312	274.312	274.312	1173.143	28.905	28.905	733.676	733.676	28.905	28.905	733.676	733.676	2283.244	2283.244	2283.244	3126.35	3126.35	3126.35	274.312	274.312	274.312	274.312	274.312	1173.143	1173.143	0	0	0	0	0	0	0	0	1173.143	1173.143	5500.108	28.905	28.905	733.676	733.676	28.905	28.905	733	676	733.676	2283.244	2283.244	2283.244	3126.35	3126.35	3126.35	274.312	274.312	274.312	274.312	274.312	1173.143	28.905	28.905	733.676	733.676	28.905	28.905	733.676	733.676	2283.244	2283.244	2283.244	3126.35	3126.35	3126.35	274.312	274.312	274.312	274.312	274.312	1173.143	1173.143	0	0	0	0	0	0	0	0	1173.143	1173.143	5500.108	28.905	28.905	733.676	733.676	28.905	28.905	733	676	733.676	2283.244	2283.244	2283.244	3126.35	3126.35	3126.35	274.312	274.312	274.312	274.312	274.312	1173.143	28.905	28.905	733.676	733.676	28.905	28.905	733.676	733.676	2283.244	2283.244	2283.244	3126.35	3126.35	3126.35	274.312	274.312	274.312	274.312	274.312	1173.143	1173.143	0	0	0	0	0	0	0	0	1173.143	1173.143	5500.108	28.905	28.905	733.676	733.676	28.905	28.905	733	676	733.676	2283.244	2283.244	2283.244	3126.35	3126.35	3126.35	274.312	274.312	274.312	274.312	274.312	1173.143	28.905	28.905	733.676	733.676	28.905	28.905	733.676	733.676	2283.244	2283.244	2283.244	3126.35	3126.35	3126.35	274.312	274.312	274.312	274.312	274.312	1173.143	1173.143	0	0	0	0	0	0	0	0	1173.143	1173.143	5500.108	28.905	28.905	733.676	733.676	28.905	28.905	733	676	733.676	2283.244	2283.244	2283.244	3126.35	3126.35	3126.35	274.312	274.312	274.312	274.312	274.312	1173.143	28.905	28.905	733.676	733.676	28.905	28.905	733.676	733.676	2283.244	2283.244	2283.244	3126.35	3126.35	3126.35	274.312	274.312	274.312	274.312	274.312	1173.143	1173.143	0	0	0	0	0	0	0	0	1173.143	1173.143	5500.108	28.905	28.905	733.676	733.676	28.905	28.905	733	676	733.676	2283.244	2283.244	2283.244	3126.35	3126.35	3126.35	274.312	274.312	274.312	274.312	274.312	1173.143	28.905	28.905	733.676	733.676	28.905	28.905	733.676	733.676	2283.244	2283.244	2283.244	3126.35	3126.35	3126.35	274.312	274.312	274.312	274.312	274.312	1173.143	1173.143	0	0	0	0	0	0	0	0	1173.143	1173.143	5500.108	28.905	28.905	733.676	733.676	28.905	28.905	733	676	733.676	2283.244	2283.244	2283.244	3126.35	3126.35	3126.35	274.312	274.312	274.312	274.312	274.312	1173.143	28.905	28.905	733.676	733.676	28.905	28.905	733.676	733.676	2283.244	2283.244	2283.244	3126.35	3126.35	3126.35	274.312	274.312	274.312	274.312	274.312	1173.143	1173.143	0	0	0	0	0	0	0	0	1173.143	1173.143	5500.108	28.905	28.905	733.676	733.676	28.905	28.905	733	676	733.676	2283.244	2283.244	2283.244	3126.35	3126.35	3126.35	274.312	274.312	274.312	274.312	274.312	1173.143	28.905	28.905	733.676	733.676	28.905	28.905	733.676	733.676	2283.244	2283.244	2283.244	3126.35	3126.35	3126.35	274.312	274.312	274.312	274.312	274.312	1173.143	1173.143	0	0	0	0	0	0	0	0	1173.143	1173.143	5500.108	28.905	28.905	733.676	733.676	28.905	28.905	733	676	733.676	2283.244	2283.244	2283.244	3126.35	3126.35	3126.35	274.312	274.312	274.312	274.312	274.312	1173.143	28.905	28.905	733.676	733.676	28.905	28.905	733.676	733.676	2283.244	2283.244	2283.244	3126.35	3126.35	3126.35	274.312	274.312	274.312	274.312	274.312	1173.143	1173.143	0	0	0	0	0	0	0	0	1173.143	1173.143	5500.108	28.905	28.905	733.676	733.676	28.905	28.905	733	676	733.676	2283.244	2283.244	2283.244	3126.35	3126.35	3126.35	274.312	274.312	274.312	274.312	274.312	1173.143	28.905	28.905	733.676	733.676	28.905	28.905	733.676	733.676	2283.244	2283.244	2283.244	3126.35	3126.35	3126.35	274.312	274.312	274.312	274.312	274.312	1173.143	1173.143	0	0	0	0	0	0	0	0	1173.143	1173.143	5500.108	28.905	28.905	733.676	733.676	28.905	28.905	733	676	733.676	2283.244	2283.244	2283.244	3126.35	3126.35	3126.35	274.312	274.312	274.312	274.312	274.312	1173.143	28.905	28.905	733.676	733.676	28.905	28.905	733.676	733.676	2283.244	2283.244	2283.244	3126.35	3126.35

# Start up hot costs (SUHC)
28.905	28.905	733.676	733.676	28.905	28.905	733.676	733.676	1008.5	1008.5	1008.5	1746.722	1746.722	1746.722	153.292	153.292	153.292	153.292	153.292	320.06	320.06	0	0	0	0	0	0	0	0	320.06	320.06	2357.365	28.905	28.905	733.676	733.676	28.905	28.905	733.676	733.676	1008	0.5	1008.5	1008.5	1746.722	1746.722	1746.722	153.292	153.292	153.292	153.292	153.292	320.06	28.905	28.905	733.676	733.676	28.905	28.905	733.676	733.676	1008.5	1008.5	1008.5	1746.722	1746.722	1746.722	153.292	153.292	153.292	153.292	153.292	320.06	320.06	0	0	0	0	0	0	0	0	320.06	320.06	2357.365	28.905	28.905	733.676	733.676	28.905	28.905	733.676	733.676	1008	0.5	1008.5	1008.5	1746.722	1746.722	1746.722	153.292	153.292	153.292	153.292	153.292	320.06	28.905	28.905	733.676	733.676	28.905	28.905	733.676	733.676	1008.5	1008.5	1008.5	1746.722	1746.722	1746.722	153.292	153.292	153.292	153.292	153.292	320.06	320.06	0	0	0	0	0	0	0	0	320.06	320.06	2357.365	28.905	28.905	733.676	733.676	28.905	28.905	733.676	733.676	1008	0.5	1008.5	1008.5	1746.722	1746.722	1746.722	153.292	153.292	153.292	153.292	153.292	320.06	28.905	28.905	733.676	733.676	28.905	28.905	733.676	733.676	1008.5	1008.5	1008.5	1746.722	1746.722	1746.722	153.292	153.292	153.292	153.292	153.292	320.06	320.06	0	0	0	0	0	0	0	0	320.06	320.06	2357.365	28.905	28.905	733.676	733.676	28.905	28.905	733.676	733.676	1008	0.5	1008.5	1008.5	1746.722	1746.722	1746.722	153.292	153.292	153.292	153.292	153.292	320.06	28.905	28.905	733.676	733.676	28.905	28.905	733.676	733.676	1008.5	1008.5	1008.5	1746.722	1746.722	1746.722	153.292	153.292	153.292	153.292	153.292	320.06	320.06	0	0	0	0	0	0	0	0	320.06	320.06	2357.365	28.905	28.905	733.676	733.676	28.905	28.905	733.676	733.676	1008	0.5	1008.5	1008.5	1746.722	1746.722	1746.722	153.292	153.292	153.292	153.292	153.292	320.06	28.905	28.905	733.676	733.676	28.905	28.905	733.676	733.676	1008.5	1008.5	1008.5	1746.722	1746.722	1746.722	153.292	153.292	153.292	153.292	153.292	320.06	320.06	0	0	0	0	0	0	0	0	320.06	320.06	2357.365	28.905	28.905	733.676	733.676	28.905	28.905	733.676	733.676	1008	0.5	1008.5	1008.5	1746.722	1746.722	1746.722	153.292	153.292	153.292	153.292	153.292	320.06	28.905	28.905	733.676	733.676	28.905	28.905	733.676	733.676	1008.5	1008.5	1008.5	1746.722	1746.722	1746.722	153.292	153.292	153.292	153.292	153.292	320.06	320.06	0	0	0	0	0	0	0	0	320.06	320.06	2357.365	28.905	28.905	733.676	733.676	28.905	28.905	733.676	733.676	1008	0.5	1008.5	1008.5	1746.722	1746.722	1746.722	153.292	153.292	153.292	153.292	153.292	320.06	28.905	28.905	733.676	733.676	28.905	28.905	733.676	733.676	1008.5	1008.5	1008.5	1746.722	1746.722	1746.722	153.292	153.292	153.292	153.292	153.292	320.06	320.06	0	0	0	0	0	0	0	0	320.06	320.06	2357.365	28.905	28.905	733.676	733.676	28.905	28.905	733.676	733.676	1008	0.5	1008.5	1008.5	1746.722	1746.722	1746.722	153.292	153.292	153.292	153.292	153.292	320.06	28.905	28.905	733.676	733.676	28.905	28.905	733.676	733.676	1008.5	1008.5	1008.5	1746.722	1746.722	1746.722	153.292	153.292	153.292	153.292	153.292	320.06	320.06	0	0	0	0	0	0	0	0	320.06	320.06	2357.365	28.905	28.905	733.676	733.676	28.905	28.905	733.676	733.676	1008	0.5	1008.5	1008.5	1746.722	1746.722	1746.722	153.292	153.292	153.292	153.292	153.292	320.06	28.905	28.905	733.676	733.676	28.905	28.905	733.676	733.676	1008.5	1008.5	1008.5	1746.722	1746.722	1746.722	153.292	153.292	153.292	153.292	153.292	320.06	320.06	0	0	0	0	0	0	0	0	320.06	320.06	2357.365	28.905	28.905	733.676	733.676	28.905	28.905	733.676	733.676	1008	0.5	1008.5	1008.5	1746.722	1746.722	1746.722	153.292	153.292	153.292	153.292	153.292	320.06	28.905	28.905	733.676	733.676	28.905	28.905	733.676	733.676	1008.5	1008.5	1008.5	1746.722	1746.722	1746.722	153.292	153.292	153.292	153.292	153.292	320.06	320.06	0	0	0	0	0	0	0	0	320.06	320.06	2357.365	28.905	28.905	733.676	733.676	28.905	28.905	733.676	733.676	1008	0.5	1008.5	1008.5	1746.722	1746.722	1746.722	153.292	153.292	153.292	153.292	153.292	320.06	28.905	28.905	733.676	733.676	28.905	28.905	733.676	733.676	1008.5	1008.5	1008.5	1746.722	1746.722

# Shut-down cost (SDC)
0	0	0	0	0	0	0	0	0	0	0	0	0	0	0	0	0	0	0	0	0	0	0	0	0	0	0	0	0	0	0	0	0	0	0	0	0	0	0	0	0	0	0	0	0	0	0	0	0	0	0	0	0	0	0	0	0	0	0	0	0	0	0	0	0	0	0	0	0	0	0	0	0	0	0	0	0	0	0	0	0	0	0	0	0	0	0	0	0	0	0	0	0	0	0	0	0	0	0	0	0	0	0	0	0	0	0	0	0	0	0	0	0	0	0	0	0	0	0	0	0	0	0	0	0	0	0	0	0	0	0	0	0	0	0	0	0	0	0	0	0	0	0	0	0	0	0	0	0	0	0	0	0	0	0	0	0	0	0	0	0	0	0	0	0	0	0	0	0	0	0	0	0	0	0	0	0	0	0	0	0	0	0	0	0	0	0	0	0	0	0	0	0	0	0	0	0	0	0	0	0	0	0	0	0	0	0	0	0	0	0	0	0	0	0	0	0	0	0	0	0	0	0	0	0	0	0	0	0	0	0	0	0	0	0	0	0	0	0	0	0	0	0	0	0	0	0	0	0	0	0	0	0	0	0	0	0	0	0	0	0	0	0	0	0	0	0	0	0	0	0	0	0	0	0	0	0	0	0	0	0	0	0	0	0	0	0	0	0	0	0	0	0	0	0	0	0	0	0	0	0	0	0	0	0	0	0	0	0	0	0	0	0	0	0	0	0	0	0	0	0	0	0	0	0	0	0	0	0	0	0	0	0	0	0	0	0	0	0	0	0	0	0	0	0	0	0	0	0	0	0	0	0	0	0	0	0	0	0	0	0	0	0	0	0	0	0	0	0	0	0	0	0	0	0	0	0	0	0	0	0	0	0	0	0	0	0	0	0	0	0	0	0	0	0	0	0	0	0	0	0	0	0	0	0	0	0	0	0	0	0	0	0	0	0	0	0	0	0	0	0	0	0	0	0	0	0	0	0	0	0	0	0	0	0	0	0	0	0	0	0	0	0	0	0	0	0	0	0	0	0	0	0	0	0	0	0	0	0	0	0	0	0	0	0	0	0	0	0	0	0	0	0	0	0	0	0	0	0	0	0	0	0	0	0	0	0	0	0	0	0	0	0	0	0	0	0	0	0	0	0	0	0	0	0	0	0	0	0	0	0	0	0	0	0	0	0	0	0	0	0	0	0	0	0	0	0	0	0	0	0	0	0	0	0	0	0	0	0	0	0	0	0	0	0	0	0	0	0	0	0	0	0	0	0	0	0	0	0	0	0	0	0	0	0	0	0	0	0	0	0	0	0	0	0	0	0	0	0	0	0	0	0	0	0	0	0	0	0	0	0	0	0	0	0	0

# Number of hours of a cold start (nCOLD)
0	0	12	12	0	0	12	12	7	7	7	7	7	7	4	4	4	4	4	11	11	0	0	0	0	0	0	0	0	11	11	12	0	0	12	12	0	0	12	12	7	7	7	7	7	7	4	4	4	4	4	11	11	0	0	0	12	12	0	0	12	12	7	7	7	7	7	7	4	4	4	4	4	11	11	0	0	0	0	0	0	0	0	11	11	12	0	0	12	12	0	0	12	12	7	7	7	7	7	7	4	4	4	4	4	11	11	0	0	0	12	12	0	0	12	12	7	7	7	7	7	7	4	4	4	4	4	11	11	0	0	0	0	0	0	0	0	11	11	12	0	0	12	12	0	0	12	12	7	7	7	7	7	7	4	4	4	4	4	11	11	0	0	0	12	12	0	0	12	12	7	7	7	7	7	7	4	4	4	4	4	11	11	0	0	0	0	0	0	0	0	11	11	12	0	0	12	12	0	0	12	12	7	7	7	7	7	7	4	4	4	4	4	11	11	0	0	0	12	12	0	0	12	12	7	7	7	7	7	7	4	4	4	4	4	11	11	0	0	0	0	0	0	0	0	11	11	12	0	0	12	12	0	0	12	12	7	7	7	7	7	7	4	4	4	4	4	11	11	0	0	0	12	12	0	0	12	12	7	7	7	7	7	7	4	4	4	4	4	11	11	0	0	0	0	0	0	0	0	11	11	12	0	0	12	12	0	0	12	12	7	7	7	7	7	7	4	4	4	4	4	11	11	0	0	0	12	12	0	0	12	12	7	7	7	7	7	7	4	4	4	4	4	11	11	0	0	0	0	0	0	0	0	11	11	12	0	0	12	12	0	0	12	12	7	7	7	7	7	7	4	4	4	4	4	11	11	0	0	0	12	12	0	0	12	12	7	7	7	7	7	7	4	4	4	4	4	11	11	0	0	0	0	0	0	0	0	11	11	12	0	0	12	12	0	0	12	12	7	7	7	7	7	7	4	4	4	4	4	11	11	0	0	0	12	12	0	0	12	12	7	7	7	7	7	7	4	4	4	4	4	11	11	0	0	0	0	0	0	0	0	11	11	12	0	0	12	12	0	0	12	12	7	7	7	7	7	7	4	4	4	4	4	11	11	0	0	0	12	12	0	0	12	12	7	7	7	7	7	7	4	4	4	4	4	11	11	0	0	0	0	0	0	0	0	11	11	12	0	0	12	12	0	0	12	12	7	7	7	7	7	7	4	4	4	4	4	11	11	0	0	0	12	12	0	0	12	12	7	7	7	7	7	7	4	4	4	4	4	11	11	0	0	0	0	0	0	0	0	11	11	12	0	0	12	12	0	0	12	12	7	7	7	7	7	7	4	4	4	4	4	11	11	0	0	0

58.613559	82.506432	83.402487
58.613559	82.506432	83.402487
12.268146	14.250056	16.385841
12.268146	14.250056	16.385841
58.613559	82.506432	83.402487
58.613559	82.506432	83.402487
12.268146	14.250056	16.385841
12.268146	14.250056	16.385841
35.128072	38.00028	39.843818
35.128072	38.00028	39.843818
35.128072	38.00028	39.843818
35.632322	37.21365	38.80708
35.632322	37.21365	38.80708
35.632322	37.21365	38.80708
41.67122	47.068712	53.325446
41.67122	47.068712	53.325446
41.67122	47.068712	53.325446
41.67122	47.068712	53.325446
41.67122	47.068712	53.325446
10.513971	10.9559	11.548011
10.513971	10.9559	11.548011
5.379	5.526	5.6628
5.379	5.526	5.6628
0	0	0
0	0	0
0	0	0
0	0	0
0	0	0
0	0	0
10.513971	10.9559	11.548011
10.513971	10.9559	11.548011
10.950976	11.379364	12.024408
58.613559	82.506432	83.402487
58.613559	82.506432	83.402487
12.268146	14.250056	16.385841
12.268146	14.250056	16.385841
58.613559	82.506432	83.402487
58.613559	82.506432	83.402487
12.268146	14.250056	16.385841
12.268146	14.250056	16.385841
35.128072	38.00028	39.843818
35.128072	38.00028	39.843818
35.128072	38.00028	39.843818
35.632322	37.21365	38.80708
35.632322	37.21365	38.80708
35.632322	37.21365	38.80708
41.67122	47.068712	53.325446
41.67122	47.068712	53.325446
41.67122	47.068712	53.325446
41.67122	47.068712	53.325446
41.67122	47.068712	53.325446
10.513971	10.9559	11.548011
10.513971	10.9559	11.548011
5.379	5.526	5.6628
58.613559	82.506432	83.402487
58.613559	82.506432	83.402487
12.268146	14.250056	16.385841
12.268146	14.250056	16.385841
58.613559	82.506432	83.402487
58.613559	82.506432	83.402487
12.268146	14.250056	16.385841
12.268146	14.250056	16.385841
35.128072	38.00028	39.843818
35.128072	38.00028	39.843818
35.128072	38.00028	39.843818
35.632322	37.21365	38.80708
35.632322	37.21365	38.80708
35.632322	37.21365	38.80708
41.67122	47.068712	53.325446
41.67122	47.068712	53.325446
41.67122	47.068712	53.325446
41.67122	47.068712	53.325446
41.67122	47.068712	53.325446
10.513971	10.9559	11.548011
10.513971	10.9559	11.548011
5.379	5.526	5.6628
5.379	5.526	5.6628
0	0	0
0	0	0
0	0	0
0	0	0
0	0	0
0	0	0
10.513971	10.9559	11.548011
10.513971	10.9559	11.548011
10.950976	11.379364	12.024408
58.613559	82.506432	83.402487
58.613559	82.506432	83.402487
12.268146	14.250056	16.385841
12.268146	14.250056	16.385841
58.613559	82.506432	83.402487
58.613559	82.506432	83.402487
12.268146	14.250056	16.385841
12.268146	14.250056	16.385841
35.128072	38.00028	39.843818
35.128072	38.00028	39.843818
35.128072	38.00028	39.843818
35.632322	37.21365	38.80708
35.632322	37.21365	38.80708
35.632322	37.21365	38.80708
41.67122	47.068712	53.325446
41.67122	47.068712	53.325446
41.67122	47.068712	53.325446
41.67122	47.068712	53.325446
41.67122	47.068712	53.325446
10.513971	10.9559	11.548011
10.513971	10.9559	11.548011
5.379	5.526	5.6628
58.613559	82.506432	83.402487
58.613559	82.506432	83.402487
12.268146	14.250056	16.385841
12.268146	14.250056	16.385841
58.613559	82.506432	83.402487
58.613559	82.506432	83.402487
12.268146	14.250056	16.385841
12.268146	14.250056	16.385841
35.128072	38.00028	39.843818
35.128072	38.00028	39.843818
35.128072	38.00028	39.843818
35.632322	37.21365	38.80708
35.632322	37.21365	38.80708
35.632322	37.21365	38.80708
41.67122	47.068712	53.325446
41.67122	47.068712	53.325446
41.67122	47.068712	53.325446
41.67122	47.068712	53.325446
41.67122	47.068712	53.325446
10.513971	10.9559	11.548011
10.513971	10.9559	11.548011
5.379	5.526	5.6628
5.379	5.526	5.6628
0	0	0
0	0	0
0	0	0
0	0	0
0	0	0
0	0	0
10.513971	10.9559	11.548011
10.513971	10.9559	11.548011
10.950976	11.379364	12.024408
58.613559	82.506432	83.402487
58.613559	82.506432	83.402487
12.268146	14.250056	16.385841
12.268146	14.250056	16.385841
58.613559	82.506432	83.402487
58.613559	82.506432	83.402487
12.268146	14.250056	16.385841
12.268146	14.250056	16.385841
35.128072	38.00028	39.843818
35.128072	38.00028	39.843818
35.128072	38.00028	39.843818
35.632322	37.21365	38.80708
35.632322	37.21365	38.80708
35.632322	37.21365	38.80708
41.67122	47.068712	53.325446
41.67122	47.068712	53.325446
41.67122	47.068712	53.325446
41.67122	47.068712	53.325446
41.67122	47.068712	53.325446
10.513971	10.9559	11.548011
10.513971	10.9559	11.548011
5.379	5.526	5.6628
58.613559	82.506432	83.402487
58.613559	82.506432	83.402487
12.268146	14.250056	16.385841
12.268146	14.250056	16.385841
58.613559	82.506432	83.402487
58.613559	82.506432	83.402487
12.268146	14.250056	16.385841
12.268146	14.250056	16.385841
35.128072	38.00028	39.843818
35.128072	38.00028	39.843818
35.128072	38.00028	39.843818
35.632322	37.21365	38.80708
35.632322	37.21365	38.80708
35.632322	37.21365	38.80708
41.67122	47.068712	53.325446
41.67122	47.068712	53.325446
41.67122	47.068712	53.325446
41.67122	47.068712	53.325446
41.67122	47.068712	53.325446
10.513971	10.9559	11.548011
10.513971	10.9559	11.548011
5.379	5.526	5.6628
5.379	5.526	5.6628
0	0	0
0	0	0
0	0	0
0	0	0
0	0	0
0	0	0
10.513971	10.9559	11.548011
10.513971	10.9559	11.548011
10.950976	11.379364	12.024408
58.613559	82.506432	83.402487
58.613559	82.506432	83.402487
12.268146	14.250056	16.385841
12.268146	14.250056	16.385841
58.613559	82.506432	83.402487
58.613559	82.506432	83.402487
12.268146	14.250056	16.385841
12.268146	14.250056	16.385841
35.128072	38.00028	39.843818
35.128072	38.00028	39.843818
35.128072	38.00028	39.843818
35.632322	37.21365	38.80708
35.632322	37.21365	38.80708
35.632322	37.21365	38.80708
41.67122	47.068712	53.325446
41.67122	47.068712	53.325446
41.67122	47.068712	53.325446
41.67122	47.068712	53.325446
41.67122	47.068712	53.325446
10.513971	10.9559	11.548011
10.513971	10.9559	11.548011
5.379	5.526	5.6628
58.613559	82.506432	83.402487
58.613559	82.506432	83.402487
12.268146	14.250056	16.385841
12.268146	14.250056	16.385841
58.613559	82.506432	83.402487
58.613559	82.506432	83.402487
12.268146	14.250056	16.385841
12.268146	14.250056	16.385841
35.128072	38.00028	39.843818
35.128072	38.00028	39.843818
35.128072	38.00028	39.843818
35.632322	37.21365	38.80708
35.632322	37.21365	38.80708
35.632322	37.21365	38.80708
41.67122	47.068712	53.325446
41.67122	47.068712	53.325446
41.67122	47.068712	53.325446
41.67122	47.068712	53.325446
41.67122	47.068712	53.325446
10.513971	10.9559	11.548011
10.513971	10.9559	11.548011
5.379	5.526	5.6628
5.379	5.526	5.6628
0	0	0
0	0	0
0	0	0
0	0	0
0	0	0
0	0	0
10.513971	10.9559	11.548011
10.513971	10.9559	11.548011
10.950976	11.379364	12.024408
58.613559	82.506432	83.402487
58.613559	82.506432	83.402487
12.268146	14.250056	16.385841
12.268146	14.250056	16.385841
58.613559	82.506432	83.402487
58.613559	82.506432	83.402487
12.268146	14.250056	16.385841
12.268146	14.250056	16.385841
35.128072	38.00028	39.843818
35.128072	38.00028	39.843818
35.128072	38.00028	39.843818
35.632322	37.21365	38.80708
35.632322	37.21365	38.80708
35.632322	37.21365	38.80708
41.67122	47.068712	53.325446
41.67122	47.068712	53.325446
41.67122	47.068712	53.325446
41.67122	47.068712	53.325446
41.67122	47.068712	53.325446
10.513971	10.9559	11.548011
10.513971	10.9559	11.548011
5.379	5.526	5.6628
58.613559	82.506432	83.402487
58.613559	82.506432	83.402487
12.268146	14.250056	16.385841
12.268146	14.250056	16.385841
58.613559	82.506432	83.402487
58.613559	82.506432	83.402487
12.268146	14.250056	16.385841
12.268146	14.250056	16.385841
35.128072	38.00028	39.843818
35.128072	38.00028	39.843818
35.128072	38.00028	39.843818
35.632322	37.21365	38.80708
35.632322	37.21365	38.80708
35.632322	37.21365	38.80708
41.67122	47.068712	53.325446
41.67122	47.068712	53.325446
41.67122	47.068712	53.325446
41.67122	47.068712	53.325446
41.67122	47.068712	53.325446
10.513971	10.9559	11.548011
10.513971	10.9559	11.548011
5.379	5.526	5.6628
5.379	5.526	5.6628
0	0	0
0	0	0
0	0	0
0	0	0
0	0	0
0	0	0
10.513971	10.9559	11.548011
10.513971	10.9559	11.548011
10.950976	11.379364	12.024408
58.613559	82.506432	83.402487
58.613559	82.506432	83.402487
12.268146	14.250056	16.385841
12.268146	14.250056	16.385841
58.613559	82.506432	83.402487
58.613559	82.506432	83.402487
12.268146	14.250056	16.385841
12.268146	14.250056	16.385841
35.128072	38.00028	39.843818
35.128072	38.00028	39.843818
35.128072	38.00028	39.843818
35.632322	37.21365	38.80708
35.632322	37.21365	38.80708
35.632322	37.21365	38.80708
41.67122	47.068712	53.325446
41.67122	47.068712	53.325446
41.67122	47.068712	53.325446
41.67122	47.068712	53.325446
41.67122	47.068712	53.325446
10.513971	10.9559	11.548011
10.513971	10.9559	11.548011
5.379	5.526	5.6628
58.613559	82.506432	83.402487
58.613559	82.506432	83.402487
12.268146	14.250056	16.385841
12.268146	14.250056	16.385841
58.613559	82.506432	83.402487
58.613559	82.506432	83.402487
12.268146	14.250056	16.385841
12.268146	14.250056	16.385841
35.128072	38.00028	39.843818
35.128072	38.00028	39.843818
35.128072	38.00028	39.843818
35.632322	37.21365	38.80708
35.632322	37.21365	38.80708
35.632322	37.21365	38.80708
41.67122	47.068712	53.325446
41.67122	47.068712	53.325446
41.67122	47.068712	53.325446
41.67122	47.068712	53.325446
41.67122	47.068712	53.325446
10.513971	10.9559	11.548011
10.513971	10.9559	11.548011
5.379	5.526	5.6628
5.379	5.526	5.6628
0	0	0
0	0	0
0	0	0
0	0	0
0	0	0
0	0	0
10.513971	10.9559	11.548011
10.513971	10.9559	11.548011
10.950976	11.379364	12.024408
58.613559	82.506432	83.402487
58.613559	82.506432	83.402487
12.268146	14.250056	16.385841
12.268146	14.250056	16.385841
58.613559	82.506432	83.402487
58.613559	82.506432	83.402487
12.268146	14.250056	16.385841
12.268146	14.250056	16.385841
35.128072	38.00028	39.843818
35.128072	38.00028	39.843818
35.128072	38.00028	39.843818
35.632322	37.21365	38.80708
35.632322	37.21365	38.80708
35.632322	37.21365	38.80708
41.67122	47.068712	53.325446
41.67122	47.068712	53.325446
41.67122	47.068712	53.325446
41.67122	47.068712	53.325446
41.67122	47.068712	53.325446
10.513971	10.9559	11.548011
10.513971	10.9559	11.548011
5.379	5.526	5.6628
58.613559	82.506432	83.402487
58.613559	82.506432	83.402487
12.268146	14.250056	16.385841
12.268146	14.250056	16.385841
58.613559	82.506432	83.402487
58.613559	82.506432	83.402487
12.268146	14.250056	16.385841
12.268146	14.250056	16.385841
35.128072	38.00028	39.843818
35.128072	38.00028	39.843818
35.128072	38.00028	39.843818
35.632322	37.21365	38.80708
35.632322	37.21365	38.80708
35.632322	37.21365	38.80708
41.67122	47.068712	53.325446
41.67122	47.068712	53.325446
41.67122	47.068712	53.325446
41.67122	47.068712	53.325446
41.67122	47.068712	53.325446
10.513971	10.9559	11.548011
10.513971	10.9559	11.548011
5.379	5.526	5.6628
5.379	5.526	5.6628
0	0	0
0	0	0
0	0	0
0	0	0
0	0	0
0	0	0
10.513971	10.9559	11.548011
10.513971	10.9559	11.548011
10.950976	11.379364	12.024408
58.613559	82.506432	83.402487
58.613559	82.506432	83.402487
12.268146	14.250056	16.385841
12.268146	14.250056	16.385841
58.613559	82.506432	83.402487
58.613559	82.506432	83.402487
12.268146	14.250056	16.385841
12.268146	14.250056	16.385841
35.128072	38.00028	39.843818
35.128072	38.00028	39.843818
35.128072	38.00028	39.843818
35.632322	37.21365	38.80708
35.632322	37.21365	38.80708
35.632322	37.21365	38.80708
41.67122	47.068712	53.325446
41.67122	47.068712	53.325446
41.67122	47.068712	53.325446
41.67122	47.068712	53.325446
41.67122	47.068712	53.325446
10.513971	10.9559	11.548011
10.513971	10.9559	11.548011
5.379	5.526	5.6628
58.613559	82.506432	83.402487
58.613559	82.506432	83.402487
12.268146	14.250056	16.385841
12.268146	14.250056	16.385841
58.613559	82.506432	83.402487
58.613559	82.506432	83.402487
12.268146	14.250056	16.385841
12.268146	14.250056	16.385841
35.128072	38.00028	39.843818
35.128072	38.00028	39.843818
35.128072	38.00028	39.843818
35.632322	37.21365	38.80708
35.632322	37.21365	38.80708
35.632322	37.21365	38.80708
41.67122	47.068712	53.325446
41.67122	47.068712	53.325446
41.67122	47.068712	53.325446
41.67122	47.068712	53.325446
41.67122	47.068712	53.325446
10.513971	10.9559	11.548011
10.513971	10.9559	11.548011
5.379	5.526	5.6628
5.379	5.526	5.6628
0	0	0
0	0	0
0	0	0
0	0	0
0	0	0
0	0	0
10.513971	10.9559	11.548011
10.513971	10.9559	11.548011
10.950976	11.379364	12.024408
58.613559	82.506432	83.402487
58.613559	82.506432	83.402487
12.268146	14.250056	16.385841
12.268146	14.250056	16.385841
58.613559	82.506432	83.402487
58.613559	82.506432	83.402487
12.268146	14.250056	16.385841
12.268146	14.250056	16.385841
35.128072	38.00028	39.843818
35.128072	38.00028	39.843818
35.128072	38.00028	39.843818
35.632322	37.21365	38.80708
35.632322	37.21365	38.80708
35.632322	37.21365	38.80708
41.67122	47.068712	53.325446
41.67122	47.068712	53.325446
41.67122	47.068712	53.325446
41.67122	47.068712	53.325446
41.67122	47.068712	53.325446
10.513971	10.9559	11.548011
10.513971	10.9559	11.548011
5.379	5.526	5.6628
58.613559	82.506432	83.402487
58.613559	82.506432	83.402487
12.268146	14.250056	16.385841
12.268146	14.250056	16.385841
58.613559	82.506432	83.402487
58.613559	82.506432	83.402487
12.268146	14.250056	16.385841
12.268146	14.250056	16.385841
35.128072	38.00028	39.843818
35.128072	38.00028	39.843818
35.128072	38.00028	39.843818
35.632322	37.21365	38.80708
35.632322	37.21365	38.80708
35.632322	37.21365	38.80708
41.67122	47.068712	53.325446
41.67122	47.068712	53.325446
41.67122	47.068712	53.325446
41.67122	47.068712	53.325446
41.67122	47.068712	53.325446
10.513971	10.9559	11.548011
10.513971	10.9559	11.548011
5.379	5.526	5.6628
5.379	5.526	5.6628
0	0	0
0	0	0
0	0	0
0	0	0
0	0	0
0	0	0
10.513971	10.9559	11.548011
10.513971	10.9559	11.548011
10.950976	11.379364	12.024408
58.613559	82.506432	83.402487
58.613559	82.506432	83.402487
12.268146	14.250056	16.385841
12.268146	14.250056	16.385841
58.613559	82.506432	83.402487
58.613559	82.506432	83.402487
12.268146	14.250056	16.385841
12.268146	14.250056	16.385841
35.128072	38.00028	39.843818
35.128072	38.00028	39.843818
35.128072	38.00028	39.843818
35.632322	37.21365	38.80708
35.632322	37.21365	38.80708
35.632322	37.21365	38.80708
41.67122	47.068712	53.325446
41.67122	47.068712	53.325446
41.67122	47.068712	53.325446
41.67122	47.068712	53.325446
41.67122	47.068712	53.325446
10.513971	10.9559	11.548011
10.513971	10.9559	11.548011
5.379	5.526	5.6628
58.613559	82.506432	83.402487
58.613559	82.506432	83.402487
12.268146	14.250056	16.385841
12.268146	14.250056	16.385841
58.613559	82.506432	83.402487
58.613559	82.506432	83.402487
12.268146	14.250056	16.385841
12.268146	14.250056	16.385841
35.128072	38.00028	39.843818
35.128072	38.00028	39.843818
35.128072	38.00028	39.843818
35.632322	37.21365	38.80708
35.632322	37.21365	38.80708
35.632322	37.21365	38.80708
41.67122	47.068712	53.325446
41.67122	47.068712	53.325446
41.67122	47.068712	53.325446
41.67122	47.068712	53.325446
41.67122	47.068712	53.325446
10.513971	10.9559	11.548011
10.513971	10.9559	11.548011
5.379	5.526	5.6628
5.379	5.526	5.6628
0	0	0
0	0	0
0	0	0
0	0	0
0	0	0
0	0	0
10.513971	10.9559	11.548011
10.513971	10.9559	11.548011
10.950976	11.379364	12.024408
58.613559	82.506432	83.402487
58.613559	82.506432	83.402487
12.268146	14.250056	16.385841
12.268146	14.250056	16.385841
58.613559	82.506432	83.402487
58.613559	82.506432	83.402487
12.268146	14.250056	16.385841
12.268146	14.250056	16.385841
35.128072	38.00028	39.843818
35.128072	38.00028	39.843818
35.128072	38.00028	39.843818
35.632322	37.21365	38.80708
35.632322	37.21365	38.80708
35.632322	37.21365	38.80708
41.67122	47.068712	53.325446
41.67122	47.068712	53.325446
41.67122	47.068712	53.325446
41.67122	47.068712	53.325446
41.67122	47.068712	53.325446
10.513971	10.9559	11.548011
10.513971	10.9559	11.548011
5.379	5.526	5.6628
58.613559	82.506432	83.402487
58.613559	82.506432	83.402487

# Power ranges for each slope of the production cost function (PR)
40.92	122.76	40.92
109.98	329.94	109.98
2.32	6.96	2.32
125.4	376.2	125.4
169.4	508.2	169.4
248.3	744.9	248.3
387.2	1161.6	387.2
165	495	165
85.8	257.4	85.8
85.8	257.4	85.8
330	990	330
129.8	389.4	129.8
506	1518	506
178.2	534.6	178.2
198	594	198
297	891	297
374	1122	374
35.2	105.6	35.2
61.6	184.8	61.6
25.86	77.58	25.86
58.36	175.08	58.36
58.36	175.08	58.36
106.92	320.76	106.92
106.92	320.76	106.92
106.26	318.78	106.26
108.46	325.38	108.46
120.12	360.36	120.12
119.9	359.7	119.9
49.5	148.5	49.5
28.6	85.8	28.6
33	99	33
25.1	75.3	25.1
54.56	163.68	54.56
28.16	84.48	28.16
3.52	10.56	3.52
5.72	17.16	5.72
12.1	36.3	12.1
0.02	0.06	0.02
3.44	10.32	3.44
13.86	41.58	13.86
1.1	3.3	1.1
8.8	26.4	8.8
36.52	109.56	36.52
15.4	46.2	15.4
18.92	56.76	18.92
19.14	57.42	19.14
0.02	0.06	0.02
44.66	133.98	44.66
31.24	93.72	31.24
37.4	112.2	37.4
39.12	117.36	39.12
114.4	343.2	114.4
114.4	343.2	114.4
114.4	343.2	114.4
57.42	172.26	57.42
104.72	314.16	104.72
36.96	110.88	36.96
85.8	257.4	85.8
42.9	128.7	42.9
39.6	118.8	39.6
86.68	260.04	86.68
130.02	390.06	130.02
190.3	570.9	190.3
190.3	570.9	190.3
20.68	62.04	20.68
85.8	257.4	85.8
85.8	257.4	85.8
1.1	3.3	1.1
1.32	3.96	1.32
6.38	19.14	6.38
58.3	174.9	58.3
0.02	0.06	0.02
47.74	143.22	47.74
7.48	22.44	7.48
50.6	151.8	50.6
45.1	135.3	45.1
22	66	22
32.78	98.34	32.78
24.64	73.92	24.64
39.6	118.8	39.6
39.6	118.8	39.6
0.88	2.64	0.88
57.42	172.26	57.42
154.22	462.66	154.22
0.02	0.06	0.02
6.38	19.14	6.38
6.82	20.46	6.82
8.58	25.74	8.58
1.76	5.28	1.76
95.48	286.44	95.48
5.94	17.82	5.94
2.42	7.26	2.42
46.42	139.26	46.42
60.28	180.84	60.28
44.2	132.6	44.2
40	120	40
74	222	74
74	222	74
74	222	74
74	222	74
74	222	74
74	222	74
74	222	74
74	222	74
74	222	74
74	222	74
74	222	74
43	129	43
44	132	44
45	135	45
45	135	45
45	135	45
45	135	45
107	321	107
112	336	112
45	135	45
45	135	45
45	135	45
45	135	45
45	135	45
45	135	45
45	135	45
22.4	67.2	22.4
44	132	44
45	135	45
45	135	45
45	135	45
45	135	45
76.6	229.8	76.6
76	228	76
2.4	7.2	2.4
1.2	3.6	1.2
45	135	45
45	135	45
24	72	24
24	72	24
24	72	24
24	72	24
22	66	22
43	129	43
43	129	43
45	135	45
45	135	45
44	132	44
27	81	27
27	81	27
27	81	27
27	81	27
24	72	24
24	72	24
24	72	24
10	30	10
24	72	24
10	30	10
46.4	139.2	46.4
41	123	41
41	123	41
44.4	133.2	44.4
44.4	133.2	44.4
44.4	133.2	44.4
46.4	139.2	46.4
52.2	156.6	52.2
52.2	156.6	52.2
41.2	123.6	41.2
52.2	156.6	52.2
47	141	47
47	141	47
41.2	123.6	41.2
41.2	123.6	41.2
40	120	40
40	120	40
40	120	40
40	120	40
92.8	278.4	92.8
37.6	112.8	37.6
35.8	107.4	35.8
35.8	107.4	35.8
35.8	107.4	35.8
35.8	107.4	35.8
44	132	44
11	33	11
10	30	10
10	30	10
4.6	13.8	4.6
0.42	1.26	0.42
0.42	1.26	0.42
1.44	4.32	1.44
1.44	4.32	1.44
1	3	1
1	3	1
1	3	1
1	3	1
74	222	74
1.14	3.42	1.14
1.14	3.42	1.14
1.32	3.96	1.32
0.18	0.54	0.18
0.18	0.54	0.18
0.18	0.54	0.18
5.4	16.2	5.4
6	18	6
6	18	6
11	33	11
11	33	11
8	24	8
11	33	11
10	30	10
20	60	20
12	36	12
0.56	1.68	0.56
0.34	1.02	0.34
10.3	30.9	10.3
11	33	11
11	33	11
15.4	46.2	15.4
11	33	11
11	33	11
45.2	135.6	45.2
5	15	5
3.4	10.2	3.4
0.88	2.64	0.88
0.06	0.18	0.06
1.32	3.96	1.32
0.68	2.04	0.68
1.3	3.9	1.3
1.3	3.9	1.3
1.3	3.9	1.3
0.6	1.8	0.6
0.7	2.1	0.7
0.34	1.02	0.34
0.34	1.02	0.34
0.88	2.64	0.88
10.4	31.2	10.4
6	18	6
21	63	21
21	63	21
6	18	6
6	18	6
6	18	6
25	75	25
21	63	21
0.3	0.9	0.3
0.28	0.84	0.28
7	21	7
4	12	4
7	21	7
7	21	7
7	21	7
19.4	58.2	19.4
7	21	7
6	18	6
5.6	16.8	5.6
1.6	4.8	1.6
0.4	1.2	0.4
0.88	2.64	0.88
0.54	1.62	0.54
0.98	2.94	0.98
18.6	55.8	18.6
7.18	21.54	7.18
0.5	1.5	0.5
1.2	3.6	1.2
1.2	3.6	1.2
45	135	45
45	135	45
0.5	1.5	0.5
2.4	7.2	2.4
34	102	34
12.2	36.6	12.2
4.2	12.6	4.2
1.4	4.2	1.4
2	6	2
6.08	18.24	6.08
0.4	1.2	0.4
0.38	1.14	0.38
0.4	1.2	0.4
45	135	45
7.2	21.6	7.2
0.54	1.62	0.54
20.2	60.6	20.2
2.4	7.2	2.4
2.4	7.2	2.4
0.32	0.96	0.32
1.2	3.6	1.2
1.66	4.98	1.66
13.6	40.8	13.6
13.6	40.8	13.6
6.2	18.6	6.2
6.2	18.6	6.2
10	30	10
25	75	25
25	75	25
6	18	6
0.5	1.5	0.5
0.68	2.04	0.68
5	15	5
5	15	5
6.2	18.6	6.2
6.2	18.6	6.2
15.6	46.8	15.6
9.6	28.8	9.6
11	33	11
11	33	11
22.6	67.8	22.6
22.6	67.8	22.6
3.36	10.08	3.36
77.2	231.6	77.2
76.6	229.8	76.6
1.2	3.6	1.2
27	81	27
2.56	7.68	2.56
2.5	7.5	2.5
4	12	4
4	12	4
3.8	11.4	3.8
4.8	14.4	4.8
4.8	14.4	4.8
5.8	17.4	5.8
10	30	10
10	30	10
10	30	10
10	30	10
5	15	5
5	15	5
5	15	5
5	15	5
5	15	5
5	15	5
5	15	5
1.2	3.6	1.2
14	42	14
10	30	10
14	42	14
10	30	10
4.8	14.4	4.8
3.3	9.9	3.3
2.92	8.76	2.92
2.92	8.76	2.92
2.92	8.76	2.92
1.1	3.3	1.1
1.1	3.3	1.1
1.5	4.5	1.5
1.6	4.8	1.6
11	33	11
46	138	46
45	135	45
3.6	10.8	3.6
6.4	19.2	6.4
5	15	5
24	72	24
24	72	24
24	72	24
22	66	22
25	75	25
25	75	25
23.8	71.4	23.8
23.4	70.2	23.4
22	66	22
20	60	20
11	33	11
3	9	3
11	33	11
2.4	7.2	2.4
2.4	7.2	2.4
0.8	2.4	0.8
0.8	2.4	0.8
3	9	3
4.4	13.2	4.4
45	135	45
9.2	27.6	9.2
9.2	27.6	9.2
2.8	8.4	2.8
2.8	8.4	2.8
2.8	8.4	2.8
0.76	2.28	0.76
0.84	2.52	0.84
2.8	8.4	2.8
24.6	73.8	24.6
25.6	76.8	25.6
32.2	96.6	32.2
32.2	96.6	32.2
10	30	10
22	66	22
9	27	9
9	27	9
22	66	22
22	66	22
8	24	8
45	135	45
45	135	45
45	135	45
7	21	7
1.6	4.8	1.6
5	15	5
6	18	6
6.4	19.2	6.4
6.4	19.2	6.4
2.1	6.3	2.1
2.1	6.3	2.1
24	72	24
24	72	24
0.36	1.08	0.36
0.98	2.94	0.98
0.06	0.18	0.06
10	30	10
10	30	10
44.4	133.2	44.4
5.6	16.8	5.6
5.8	17.4	5.8
5.6	16.8	5.6
11	33	11
20	60	20
21.2	63.6	21.2
0.44	1.32	0.44
0.26	0.78	0.26
0.58	1.74	0.58
1.2	3.6	1.2
10.9	32.7	10.9
1.2	3.6	1.2
1	3	1
5.7	17.1	5.7
0.88	2.64	0.88
6	18	6
2.3	6.9	2.3
24	72	24
1.3	3.9	1.3
0.8	2.4	0.8
0.54	1.62	0.54
0.54	1.62	0.54
0.52	1.56	0.52
0.6	1.8	0.6
0.8	2.4	0.8
0.12	0.36	0.12
0.88	2.64	0.88
0.26	0.78	0.26
1.98	5.94	1.98
0.26	0.78	0.26
10	30	10
10	30	10
5.6	16.8	5.6
11	33	11
1.98	5.94	1.98
0.88	2.64	0.88
0.88	2.64	0.88
0.7	2.1	0.7
0.34	1.02	0.34
0.04	0.12	0.04
0.26	0.78	0.26
0.26	0.78	0.26
0.06	0.18	0.06
1.22	3.66	1.22
0.62	1.86	0.62
0.88	2.64	0.88
40	120	40
40	120	40
0.58	1.74	0.58
0.06	0.18	0.06
4.06	12.18	4.06
13.4	40.2	13.4
13	39	13
0.06	0.18	0.06
1.1	3.3	1.1
0.2	0.6	0.2
0.88	2.64	0.88
6.12	18.36	6.12
6.12	18.36	6.12
1.3	3.9	1.3
0.26	0.78	0.26
0.2	0.6	0.2
1.22	3.66	1.22
0.44	1.32	0.44
1.12	3.36	1.12
0.88	2.64	0.88
2	6	2
0.34	1.02	0.34
0.88	2.64	0.88
11.2	33.6	11.2
3.6	10.8	3.6
0.8	2.4	0.8
0.1	0.3	0.1
47	141	47
10	30	10
21.6	64.8	21.6
21.6	64.8	21.6
3.28	9.84	3.28
1.94	5.82	1.94
0.06	0.18	0.06
0.22	0.66	0.22
0.22	0.66	0.22
2.4	7.2	2.4
2.1	6.3	2.1
0.24	0.72	0.24
0.66	1.98	0.66
0.18	0.54	0.18
0.62	1.86	0.62
10	30	10
6.4	19.2	6.4
7	21	7
11	33	11
11	33	11
0.1	0.3	0.1
0.6	1.8	0.6
0.08	0.24	0.08
11	33	11
11	33	11
1.6	4.8	1.6
0.14	0.42	0.14
0.06	0.18	0.06
0.08	0.24	0.08
0.18	0.54	0.18
0.14	0.42	0.14
2.2	6.6	2.2
4	12	4
5.6	16.8	5.6
2.64	7.92	2.64
2.64	7.92	2.64
1.18	3.54	1.18
5	15	5
11	33	11
11	33	11
11	33	11
11	33	11
1.32	3.96	1.32
4.4	13.2	4.4
0.56	1.68	0.56
0.8	2.4	0.8
0.8	2.4	0.8
0.8	2.4	0.8
0.8	2.4	0.8
3.2	9.6	3.2
4	12	4
2.48	7.44	2.48
2.48	7.44	2.48
8.1	24.3	8.1
1.54	4.62	1.54
0.12	0.36	0.12
0.4	1.2	0.4
1	3	1
0.34	1.02	0.34
5	15	5
6.92	20.76	6.92
5	15	5
0.34	1.02	0.34
0.04	0.12	0.04
0.08	0.24	0.08
2.64	7.92	2.64
1	3	1
1	3	1
2.64	7.92	2.64
0.1	0.3	0.1
4	12	4
1.26	3.78	1.26
0.12	0.36	0.12
0.06	0.18	0.06
0.34	1.02	0.34
0.56	1.68	0.56
0.06	0.18	0.06
0.6	1.8	0.6
0.5	1.5	0.5
2.94	8.82	2.94
0.06	0.18	0.06
0.26	0.78	0.26
0.2	0.6	0.2
0.02	0.06	0.02
0.02	0.06	0.02
0.82	2.46	0.82
0.1	0.3	0.1
2.26	6.78	2.26
1.2	3.6	1.2
6.4	19.2	6.4
8	24	8
3.66	10.98	3.66
1.2	3.6	1.2
10	30	10
0.68	2.04	0.68
1.76	5.28	1.76
0.02	0.06	0.02
5.6	16.8	5.6
5.34	16.02	5.34
5.34	16.02	5.34
5.34	16.02	5.34
5.34	16.02	5.34
5.34	16.02	5.34
5.34	16.02	5.34
5.6	16.8	5.6
0.8	2.4	0.8
0.8	2.4	0.8
10.8	32.4	10.8
10.4	31.2	10.4
10.2	30.6	10.2
3.6	10.8	3.6
0	0	0
0	0	0
0	0	0
0	0	0
0	0	0
0	0	0
