1	1074	802	0	0.00018	0.000781	0	0	0	0
2	652	1103	0	0.002961	0.01669	0	319	0	0
3	856	592	0	0.00056	0.00432	0	0	0	0
4	977	880	0	0.0002	0.00246	0	657	0	0
5	977	1007	0	0.0003	0.00377	0	1315	0	0
6	747	1330	0	0.00014	0.00057	0	0	0	0
7	432	1330	0	0.00013	0.000729	0	0	0	0
8	205	1330	0	0.00012	0.000581	0	0	0	0
9	270	1330	0	0.00011	0.00064	0	0	0	0
10	1206	1330	0	0.00019	0.00056	0	0	0	0
11	902	1271	0	0.00062	0.004909	0	529	0	0
12	1349	1140	0	7.00E-05	0.00076	0	887	0	0
13	1349	1310	0	0.00066	0.00622	0	1611	0	0
14	1349	313	0	0.00054	0.00752	0	0	0	0
15	1349	7	0	0.00105	0.00877	0	1315	0	0
16	16	1297	0	8.00E-05	0.00091	0	657	0	0
17	16	691	0	0.00056	0.00719	0	953	0	0
18	356	819	0	0.000531	0.002039	0	319	0	0
19	356	720	0	0.008659	0.03769	0	300	0	0
20	356	1304	0	0.003849	0.021099	0	0	0	0
21	356	1235	0	0.00688	0.035969	0	300	0	0
22	356	1000	0	0.006729	0.03713	0	0	0	0
23	356	505	0	0.00111	0.006651	0	414	0	0
24	356	82	0	0.0023	0.008909	0	0	0	0
25	356	382	0	0.000841	0.00313	0	0	0	0
26	356	785	0	0.003521	0.017479	0	300	0	0
27	455	90	0	3.90E-05	0.00025	0	510	0	0
28	452	340	0	0.000159	0.000729	0	357	0	0
29	1248	1088	0	0.005281	0.032099	0	395	0	0
30	1248	1088	0	0.005651	0.029419	0	376	0	0
31	121	550	0	0.000271	0.00036	0	0	0	0
32	1264	1027	0	0.00044	0.00143	0	472	0	0
33	1264	591	0	0.000159	0.00074	0	453	0	0
34	330	288	0	0.00019	0.000591	0	338	0	0
35	758	431	0	0.00019	0.00087	0	0	0	0
36	956	732	0	0.002591	0.013659	0	319	0	0
37	956	1066	0	0.00305	0.01168	0	0	0	0
38	51	156	0	0.000159	0.000599	0	433	0	0
39	51	156	0	0.000159	0.00062	0	395	0	0
40	488	732	0	0.00101	0.004229	0	472	0	0
41	488	647	0	0.00319	0.018651	0	453	0	0
42	488	1066	0	0.000729	0.00337	0	0	0	0
43	162	170	0	0.002961	0.012831	0	281	0	0
44	162	1158	0	0.000591	0.00339	0	0	0	0
45	1296	353	0	0.00024	0.001219	0	0	0	0
46	883	441	0	0.006219	0.036341	0	376	0	0
47	883	879	0	0.001841	0.01193	0	472	0	0
48	491	1058	0	0.001409	0.01113	0	414	0	0
49	491	37	0	0.00151	0.00768	0	376	0	0
50	491	456	0	0.00599	0.03313	0	395	0	0
51	491	502	0	0.001771	0.010151	0	357	0	0
52	701	734	0	0.00074	0.00311	0	0	0	0
53	701	734	0	0.000729	0.003159	0	0	0	0
54	480	1136	0	0.005271	0.01906	0	281	0	0
55	480	803	0	0.00906	0.053151	0	319	0	0
56	480	272	0	0.00405	0.0153	0	0	0	0
57	984	795	0	0.00055	0.003961	0	395	0	0
58	984	795	0	0.00055	0.003729	0	338	0	0
59	984	236	0	0.00107	0.007789	0	414	0	0
60	984	236	0	0.00112	0.00775	0	472	0	0
61	984	236	0	0.001031	0.00775	0	0	0	0
62	984	359	0	0.00062	0.003219	0	0	0	0
63	984	130	0	0.00068	0.002659	0	414	0	0
64	1336	61	0	0.00193	0.012479	0	491	0	0
65	1336	446	0	0.001159	0.007229	0	0	0	0
66	1336	437	0	0.00137	0.008729	0	395	0	0
67	1336	437	0	0.001401	0.00855	0	433	0	0
68	1336	437	0	0.001331	0.008521	0	433	0	0
69	1031	324	0	0.00031	0.00081	0	281	0	0
70	1031	1174	0	0.000341	0.00119	0	281	0	0
71	1031	671	0	0.00031	0.001281	0	376	0	0
72	1031	643	0	0.00094	0.0035	0	433	0	0
73	1236	1025	0	7.00E-05	0.000651	0	0	0	0
74	808	552	0	0.00019	0.00124	0	491	0	0
75	808	431	0	0.000331	0.002539	0	433	0	0
76	471	428	0	0.0016	0.02113	0	0	0	0
77	1128	780	0	0.000909	0.004711	0	357	0	0
78	1128	780	0	0.00088	0.004969	0	319	0	0
79	1	1254	0	0.001841	0.0088	0	0	0	0
80	1	1184	0	0.01013	0.04238	0	395	0	0
81	1060	435	0	0.00059	0.00802	0	723	0	0
82	1060	435	0	0.00054	0.0079	0	657	0	0
83	1060	593	0	0.00171	0.02128	0	986	0	0
84	1060	593	0	0.00174	0.02084	0	854	0	0
85	1060	951	0	0.00086	0.01433	0	1151	0	0
86	1060	951	0	0.00087	0.01404	0	723	0	0
87	1060	579	0	0.00126	0.01447	0	1118	0	0
88	1060	834	0	0.00122	0.01509	0	1052	0	0
89	1060	834	0	0.00154	0.019	0	1282	0	0
90	732	729	0	0.00474	0.03564	0	472	0	0
91	732	871	0	0.006	0.047849	0	433	0	0
92	732	768	0	0.008039	0.03375	0	281	0	0
93	996	1066	0	2.10E-05	0.000211	0	510	0	0
94	1202	557	0	0.00045	0.002341	0	0	0	0
95	400	1273	0	0.000669	0.004281	0	433	0	0
96	1354	1273	0	0.00068	0.00419	0	0	0	0
97	462	1037	0	0.000729	0.00431	0	510	0	0
98	462	1037	0	0.000591	0.004651	0	453	0	0
99	462	1289	0	0.00099	0.005081	0	338	0	0
100	227	1108	0	0.00212	0.013031	0	0	0	0
101	227	529	0	0.002159	0.01275	0	0	0	0
102	1256	559	0	0.00025	0.00095	0	0	0	0
103	1256	559	0	0.000271	0.00089	0	0	0	0
104	1256	407	0	0.001961	0.012409	0	281	0	0
105	1256	1205	0	0.00044	0.00207	0	472	0	0
106	1256	1233	0	0.000469	0.00143	0	529	0	0
107	1256	950	0	0.001271	0.01406	0	529	0	0
108	1256	950	0	0.00124	0.013021	0	529	0	0
109	1256	1305	0	0.000409	0.00239	0	0	0	0
110	1256	31	0	0.00094	0.005	0	338	0	0
111	1256	438	0	0.000219	0.0007	0	529	0	0
112	1256	980	0	6.00E-05	0.00025	0	0	0	0
113	1256	774	0	5.00E-05	0.000229	0	0	0	0
114	569	398	0	0.00019	0.000909	0	0	0	0
115	331	820	0	0.001711	0.00782	0	0	0	0
116	331	986	0	0.002651	0.01176	0	319	0	0
117	1127	55	0	0.001409	0.010599	0	0	0	0
118	1127	781	0	0.001419	0.010219	0	0	0	0
119	112	593	0	0.00013	0.00212	0	756	0	0
120	112	109	0	0.00026	0.00313	0	1282	0	0
121	676	332	0	0.0047	0.0318	0	376	0	0
122	676	983	0	0.00136	0.00768	0	338	0	0
123	676	526	0	0.005669	0.027789	0	300	0	0
124	1061	911	0	0.004409	0.033091	0	281	0	0
125	1061	204	0	0.01056	0.044469	0	0	0	0
126	1061	1042	0	0.01963	0.07736	0	338	0	0
127	1061	1083	0	0.01157	0.04694	0	357	0	0
128	885	116	0	0.000479	0.00255	0	357	0	0
129	1107	116	0	0.000469	0.00236	0	0	0	0
130	171	218	0	0.01237	0.067039	0	281	0	0
131	171	1234	0	0.0132	0.056229	0	281	0	0
132	602	619	0	0.00026	0.001711	0	0	0	0
133	602	619	0	0.000271	0.001669	0	0	0	0
134	993	782	0	0.000211	0.000401	0	0	0	0
135	1199	857	0	0.00105	0.005159	0	0	0	0
136	1035	985	0	0.00212	0.00931	0	319	0	0
137	80	982	0	0.000151	0.00068	0	0	0	0
138	798	730	0	0.00019	0.00082	0	0	0	0
139	757	986	0	0.003219	0.01405	0	300	0	0
140	966	1339	0	0.007271	0.033159	0	281	0	0
141	966	1171	0	0.006659	0.03132	0	300	0	0
142	511	414	0	0.00057	0.00668	0	1480	0	0
143	511	1029	0	0.00057	0.00758	0	1414	0	0
144	511	1029	0	0.00039	0.00607	0	821	0	0
145	511	239	0	0.00155	0.0179	0	0	0	0
146	511	690	0	0.00036	0.00485	0	1545	0	0
147	888	245	0	0.000581	0.004229	0	338	0	0
148	888	1185	0	0.00056	0.00431	0	0	0	0
149	888	858	0	0.003099	0.020531	0	472	0	0
150	888	476	0	0.00118	0.016919	0	510	0	0
151	888	778	0	0.00188	0.01407	0	0	0	0
152	888	728	0	0.00545	0.04082	0	357	0	0
153	1058	55	0	0.00214	0.01639	0	453	0	0
154	1058	710	0	0.002479	0.01549	0	0	0	0
155	1164	1313	0	0.000159	0.001229	0	472	0	0
156	1164	963	0	0.00026	0.00162	0	453	0	0
157	1164	1006	0	0.000159	0.00113	0	376	0	0
158	1164	1281	0	0.000461	0.003219	0	472	0	0
159	1164	634	0	0.000159	0.001229	0	0	0	0
160	233	61	0	0.000229	0.00139	0	376	0	0
161	412	61	0	0.0002	0.00156	0	338	0	0
162	193	63	0	0.00145	0.00824	0	281	0	0
163	193	61	0	0.00069	0.005	0	491	0	0
164	118	558	0	0.00036	0.00455	0	1809	0	0
165	118	558	0	0.00036	0.00453	0	1776	0	0
166	1203	1102	0	0.00066	0.00997	0	1348	0	0
167	1203	1102	0	0.00064	0.01016	0	986	0	0
168	914	718	0	9.90E-05	0.00044	0	529	0	0
169	718	663	0	6.00E-05	0.000469	0	0	0	0
170	718	234	0	3.90E-05	0.000341	0	0	0	0
171	718	1012	0	0.002531	0.01943	0	433	0	0
172	718	1037	0	0.00945	0.06418	0	414	0	0
173	1332	32	0	0.000591	0.002831	0	357	0	0
174	1019	32	0	0.00087	0.00387	0	0	0	0
175	91	784	0	0.0015	0.01785	0	1183	0	0
176	91	784	0	0.00147	0.0182	0	1151	0	0
177	249	81	0	0.00151	0.0113	0	376	0	0
178	249	81	0	0.001479	0.011521	0	395	0	0
179	249	1333	0	0.00174	0.010341	0	414	0	0
180	249	1333	0	0.001659	0.01206	0	453	0	0
181	1189	291	0	0.00069	0.000479	0	0	0	0
182	1189	1163	0	0.00044	0.00139	0	0	0	0
183	142	1183	0	0.002039	0.01601	0	0	0	0
184	142	1086	0	0.01349	0.05662	0	357	0	0
185	142	39	0	0.00082	0.00438	0	300	0	0
186	142	39	0	0.0008	0.004461	0	281	0	0
187	142	755	0	0.001091	0.00888	0	453	0	0
188	142	755	0	0.00111	0.007039	0	491	0	0
189	373	1220	0	0.000849	0.00537	0	433	0	0
190	1251	1295	0	0.00061	0.00275	0	357	0	0
191	900	1119	0	0.00141	0.0188	0	1315	0	0
192	900	955	0	0.00121	0.01427	0	1545	0	0
193	484	1181	0	0.001711	0.007159	0	338	0	0
194	484	1272	0	0.00545	0.02381	0	300	0	0
195	484	630	0	0.000771	0.004331	0	0	0	0
196	484	405	0	0.00414	0.03282	0	453	0	0
197	484	917	0	0.00264	0.011521	0	338	0	0
198	484	926	0	0.00261	0.011	0	376	0	0
199	484	1098	0	0.00239	0.00919	0	319	0	0
200	484	424	0	0.000539	0.00226	0	0	0	0
201	484	999	0	0.00325	0.017979	0	472	0	0
202	180	682	0	0.00076	0.0071	0	1216	0	0
203	110	1098	0	0.000651	0.00343	0	0	0	0
204	336	656	0	0.001219	0.00812	0	338	0	0
205	336	715	0	0.00243	0.01439	0	491	0	0
206	1342	907	0	0.0006	0.00839	0	1151	0	0
207	1342	907	0	0.00059	0.00856	0	1085	0	0
208	1342	836	0	0.00087	0.01328	0	1677	0	0
209	1342	836	0	0.00073	0.01595	0	1249	0	0
210	430	548	0	0.00163	0.002039	0	0	0	0
211	430	548	0	0.001659	0.002	0	0	0	0
212	11	852	0	0.00339	0.019669	0	472	0	0
213	11	346	0	0.00239	0.017281	0	529	0	0
214	941	1319	0	0.00032	0.00112	0	395	0	0
215	941	866	0	0.0018	0.01401	0	395	0	0
216	941	866	0	0.00212	0.012469	0	433	0	0
217	184	415	0	0.00063	0.00411	0	0	0	0
218	929	622	0	0.009729	0.03505	0	0	0	0
219	929	533	0	0.01007	0.03056	0	0	0	0
220	256	410	0	0.00042	0.00623	0	0	0	0
221	256	46	0	0.00036	0.00722	0	1743	0	0
222	256	951	0	0.00053	0.0078	0	854	0	0
223	256	284	0	0.00109	0.0173	0	723	0	0
224	256	859	0	0.00071	0.01144	0	0	0	0
225	256	579	0	0.00157	0.01884	0	1151	0	0
226	256	535	0	0.00032	0.00384	0	756	0	0
227	1170	261	0	0.00041	0.00649	0	1447	0	0
228	1170	1135	0	0.0004	0.00658	0	0	0	0
229	1170	951	0	0.00054	0.00763	0	854	0	0
230	1170	284	0	0.00107	0.01602	0	821	0	0
231	1170	859	0	0.0007	0.01165	0	0	0	0
232	1170	834	0	0.0016	0.01844	0	1249	0	0
233	1170	535	0	0.00032	0.00376	0	854	0	0
234	692	23	0	0.00212	0.01207	0	395	0	0
235	470	344	0	5.00E-05	0.00037	0	0	0	0
236	911	1269	0	0.00355	0.024651	0	319	0	0
237	908	1335	0	0.00675	0.04145	0	433	0	0
238	819	1040	0	0.00195	0.014341	0	338	0	0
239	1209	657	0	0.00018	0.00043	0	281	0	0
240	1209	431	0	0.00037	0.000969	0	357	0	0
241	77	191	0	0.00257	0.017169	0	376	0	0
242	77	799	0	0.00076	0.00399	0	395	0	0
243	77	799	0	0.00075	0.00406	0	395	0	0
244	77	305	0	0.003901	0.023961	0	472	0	0
245	77	100	0	0.00249	0.019211	0	357	0	0
246	550	431	0	0.00025	0.001159	0	376	0	0
247	194	1063	0	0.00195	0.02924	0	0	0	0
248	194	323	0	0.00152	0.01527	0	1381	0	0
249	194	1114	0	0.00149	0.01558	0	1513	0	0
250	194	149	0	0.00253	0.0276	0	1282	0	0
251	194	149	0	0.00263	0.02648	0	1480	0	0
252	194	345	0	0.00077	0.0092	0	1315	0	0
253	194	636	0	0.00112	0.01705	0	657	0	0
254	861	1238	0	0.00226	0.01101	0	0	0	0
255	861	874	0	0.004531	0.029039	0	395	0	0
256	861	1169	0	0.002081	0.030409	0	0	0	0
257	861	595	0	0.0053	0.03257	0	338	0	0
258	861	493	0	0.00513	0.041901	0	453	0	0
259	861	711	0	0.001461	0.01056	0	357	0	0
260	1195	715	0	0.0005	0.002591	0	0	0	0
261	892	916	0	0.00055	0.0033	0	357	0	0
262	609	944	0	0.002289	0.01763	0	376	0	0
263	609	320	0	0.0075	0.043531	0	357	0	0
264	847	305	0	0.00138	0.019961	0	0	0	0
265	847	103	0	0.00126	0.018729	0	491	0	0
266	340	1347	0	0.00038	0.001331	0	395	0	0
267	340	504	0	0.00019	0.001461	0	0	0	0
268	30	710	0	0.002151	0.013401	0	376	0	0
269	30	1133	0	0.000789	0.005669	0	472	0	0
270	479	972	0	3.00E-05	0.00042	0	657	0	0
271	479	85	0	0.00079	0.00899	0	1282	0	0
272	479	85	0	0.0008	0.00879	0	1447	0	0
273	479	667	0	0.00334	0.03393	0	1282	0	0
274	479	241	0	0.00063	0.00789	0	0	0	0
275	479	514	0	0.0006	0.00842	0	1216	0	0
276	699	1166	0	0.00011	0.00125	0	0	0	0
277	699	942	0	0.00012	0.001091	0	0	0	0
278	699	1121	0	9.90E-05	0.00125	0	0	0	0
279	699	52	0	0.00294	0.02443	0	529	0	0
280	699	413	0	0.00144	0.011151	0	395	0	0
281	699	377	0	0.001831	0.010849	0	491	0	0
282	699	377	0	0.001599	0.01055	0	472	0	0
283	699	445	0	0.00144	0.019591	0	281	0	0
284	841	135	0	0.0133	0.09551	0	510	0	0
285	841	665	0	0.009591	0.073961	0	414	0	0
286	784	395	0	0.0007	0.00671	0	1447	0	0
287	784	395	0	0.00072	0.00658	0	1480	0	0
288	347	734	0	0.001901	0.00964	0	529	0	0
289	347	763	0	0.001711	0.01189	0	510	0	0
290	299	711	0	0.00025	0.00187	0	0	0	0
291	637	816	0	0.00043	0.002211	0	0	0	0
292	843	1252	0	0.000401	0.00243	0	0	0	0
293	1136	756	0	0.00336	0.017	0	357	0	0
294	1052	715	0	0.005521	0.031031	0	0	0	0
295	661	576	0	9.90E-05	0.00026	0	0	0	0
296	997	396	0	0.00045	0.00718	0	986	0	0
297	997	685	0	0.00044	0.00665	0	821	0	0
298	997	655	0	0.00103	0.01516	0	1183	0	0
299	997	1094	0	0.00101	0.01546	0	854	0	0
300	746	6	0	0.00045	0.00608	0	1414	0	0
301	746	1350	0	0.0004	0.00501	0	1249	0	0
302	887	1312	0	0.001729	0.01337	0	491	0	0
303	887	904	0	0.00264	0.01489	0	414	0	0
304	887	117	0	0.002341	0.018961	0	414	0	0
305	887	849	0	0.001841	0.01363	0	376	0	0
306	1286	1122	0	0.001219	0.00949	0	395	0	0
307	1286	1312	0	0.002271	0.01151	0	395	0	0
308	1286	875	0	0.010781	0.05775	0	0	0	0
309	1286	933	0	0.00251	0.013919	0	300	0	0
310	1286	1124	0	0.00101	0.007331	0	414	0	0
311	368	622	0	0.00061	0.003909	0	529	0	0
312	604	924	0	0.004289	0.019331	0	0	0	0
313	604	622	0	0.0008	0.004401	0	529	0	0
314	604	719	0	0.008099	0.03519	0	510	0	0
315	604	1142	0	0.00063	0.004591	0	414	0	0
316	408	1142	0	0.000651	0.00456	0	0	0	0
317	368	1314	0	0.00114	0.00581	0	0	0	0
318	368	327	0	0.001211	0.00538	0	0	0	0
319	83	572	0	0.00418	0.030159	0	472	0	0
320	83	1231	0	0.00324	0.02413	0	510	0	0
321	83	1231	0	0.003169	0.024591	0	529	0	0
322	522	1312	0	0.000219	0.00088	0	395	0	0
323	522	1312	0	0.000289	0.00095	0	414	0	0
324	916	8	0	0.0035	0.022211	0	453	0	0
325	916	1108	0	0.00313	0.02256	0	0	0	0
326	870	1275	0	0.000831	0.00162	0	0	0	0
327	473	1234	0	0.002099	0.01068	0	300	0	0
328	137	1234	0	0.00224	0.00976	0	0	0	0
329	1269	206	0	0.00169	0.01231	0	529	0	0
330	958	1321	0	0.00011	0.00076	0	0	0	0
331	1329	1321	0	0.00011	0.00068	0	0	0	0
332	1014	924	0	0.005479	0.021909	0	0	0	0
333	1014	1277	0	0.003331	0.017039	0	338	0	0
334	751	656	0	0.000479	0.001271	0	0	0	0
335	1087	770	0	0.00109	0.01629	0	723	0	0
336	1087	1188	0	4.00E-05	0.00063	0	1710	0	0
337	66	912	0	0.0053	0.024531	0	472	0	0
338	66	334	0	0.004659	0.021919	0	319	0	0
339	66	551	0	0.001659	0.01043	0	472	0	0
340	742	631	0	0.006961	0.053539	0	395	0	0
341	278	802	0	0.00036	0.00288	0	529	0	0
342	278	802	0	0.00038	0.003	0	529	0	0
343	813	740	0	0.00048	0.00643	0	0	0	0
344	813	740	0	0.00051	0.0066	0	0	0	0
345	813	740	0	0.00046	0.00729	0	1776	0	0
346	813	806	0	0.0006	0.00868	0	1710	0	0
347	813	1132	0	0.00068	0.01076	0	1842	0	0
348	813	1003	0	0.00066	0.01096	0	1809	0	0
349	460	687	0	0.00101	0.005099	0	300	0	0
350	70	1224	0	0.003901	0.02437	0	0	0	0
351	70	329	0	0.00276	0.016461	0	453	0	0
352	70	1152	0	0.00588	0.047081	0	0	0	0
353	654	272	0	3.90E-05	0.000219	0	0	0	0
354	420	556	0	0.00131	0.00538	0	0	0	0
355	416	149	0	0.00679	0.04679	0	920	0	0
356	416	1196	0	0.00138	0.01466	0	986	0	0
357	1330	1343	0	0.003531	0.01724	0	0	0	0
358	1330	203	0	0.01324	0.06936	0	376	0	0
359	1330	1234	0	0.00363	0.01743	0	338	0	0
360	1330	1234	0	0.00257	0.01662	0	433	0	0
361	1330	749	0	0.01399	0.056289	0	319	0	0
362	1330	146	0	0.00343	0.01751	0	357	0	0
363	1330	198	0	0.00301	0.015409	0	0	0	0
364	1330	230	0	0.00857	0.033091	0	376	0	0
365	895	1000	0	0.003341	0.01689	0	0	0	0
366	1117	448	0	3.90E-05	0.000219	0	0	0	0
367	1072	1034	0	0.00087	0.00714	0	357	0	0
368	702	1196	0	0.00011	0.001	0	657	0	0
369	243	788	0	0.000219	0.00101	0	0	0	0
370	587	788	0	0.000219	0.001031	0	0	0	0
371	961	788	0	0.000271	0.00101	0	0	0	0
372	543	788	0	0.000271	0.000979	0	0	0	0
373	401	788	0	0.000289	0.00107	0	0	0	0
374	269	788	0	0.000289	0.00105	0	0	0	0
375	656	882	0	0.001591	0.012289	0	281	0	0
376	318	769	0	0.000271	0.001901	0	395	0	0
377	318	422	0	0.00186	0.010711	0	414	0	0
378	145	524	0	1.00E-05	0.0002	0	0	0	0
379	615	117	0	0.000169	0.000271	0	0	0	0
380	679	117	0	0.000169	0.00031	0	0	0	0
381	246	857	0	0.00526	0.03787	0	453	0	0
382	1176	212	0	0.000229	0.000599	0	0	0	0
383	837	816	0	0.00089	0.004091	0	338	0	0
384	670	1252	0	0.00093	0.004	0	300	0	0
385	1272	1098	0	0.00289	0.013099	0	300	0	0
386	342	932	0	0.002599	0.016479	0	433	0	0
387	58	1130	0	0.00369	0.02712	0	453	0	0
388	58	582	0	0.0062	0.04864	0	529	0	0
389	58	42	0	0.008021	0.059031	0	529	0	0
390	58	1010	0	0.004979	0.0295	0	472	0	0
391	1192	551	0	0.001159	0.005281	0	0	0	0
392	796	1126	0	0.00361	0.01824	0	0	0	0
393	796	285	0	0.001521	0.01075	0	0	0	0
394	796	641	0	0.00868	0.041711	0	0	0	0
395	379	988	0	0.01118	0.05986	0	0	0	0
396	379	1103	0	0.003229	0.02543	0	491	0	0
397	379	1103	0	0.00218	0.01869	0	0	0	0
398	379	1103	0	0.001901	0.021909	0	472	0	0
399	379	1167	0	0.00974	0.043969	0	300	0	0
400	379	1053	0	0.003461	0.01814	0	357	0	0
401	379	224	0	0.00487	0.027669	0	319	0	0
402	1313	165	0	0.000651	0.003961	0	510	0	0
403	1257	814	0	0.00169	0.00887	0	300	0	0
404	463	1289	0	0.001711	0.01336	0	414	0	0
405	228	134	0	0.00031	0.000539	0	300	0	0
406	478	496	0	0.0027	0.01157	0	0	0	0
407	532	81	0	0.000909	0.006901	0	414	0	0
408	532	734	0	0.001729	0.01214	0	414	0	0
409	52	518	0	0.00614	0.03106	0	338	0	0
410	52	1156	0	0.00418	0.02388	0	414	0	0
411	489	182	0	0.00238	0.017771	0	0	0	0
412	489	263	0	8.10E-05	0.00063	0	0	0	0
413	1078	47	0	0.001599	0.01618	0	0	0	0
414	645	314	0	0.00532	0.026961	0	319	0	0
415	645	314	0	0.00361	0.02814	0	453	0	0
416	645	823	0	0.002469	0.01025	0	433	0	0
417	924	264	0	0.005229	0.02675	0	300	0	0
418	924	264	0	0.00512	0.02726	0	319	0	0
419	924	1142	0	0.00355	0.01694	0	300	0	0
420	1346	1065	0	0.00139	0.007659	0	357	0	0
421	1346	607	0	0.000169	0.000669	0	414	0	0
422	1249	335	0	0.00111	0.00712	0	376	0	0
423	124	936	0	0.00031	0.001901	0	433	0	0
424	1022	936	0	0.000281	0.002091	0	0	0	0
425	638	947	0	0.000281	0.001651	0	0	0	0
426	1068	947	0	0.000271	0.00169	0	0	0	0
427	862	503	0	0.001521	0.00843	0	281	0	0
428	862	568	0	0.000841	0.0062	0	433	0	0
429	561	1268	0	0.00019	0.00126	0	414	0	0
430	120	954	0	0.000219	0.00143	0	0	0	0
431	428	1177	0	0.00121	0.01796	0	1776	0	0
432	428	1177	0	0.0014	0.01512	0	0	0	0
433	944	320	0	0.008409	0.063651	0	0	0	0
434	944	780	0	0.00918	0.07344	0	510	0	0
435	944	76	0	0.004219	0.0345	0	414	0	0
436	944	76	0	0.0042	0.031651	0	357	0	0
437	673	1267	0	0.00121	0.01381	0	1447	0	0
438	673	1029	0	0.00107	0.01326	0	1480	0	0
439	988	857	0	0.003401	0.02607	0	0	0	0
440	554	4	0	0.000289	0.00138	0	319	0	0
441	759	1123	0	0.001031	0.006039	0	0	0	0
442	190	1123	0	0.00105	0.005909	0	0	0	0
443	1218	1111	0	0.001091	0.007901	0	319	0	0
444	1218	159	0	0.00332	0.024021	0	453	0	0
445	1218	457	0	0.00344	0.021419	0	300	0	0
446	1218	40	0	0.00095	0.010419	0	414	0	0
447	1218	40	0	0.00093	0.01062	0	376	0	0
448	1218	1091	0	0.00474	0.025409	0	0	0	0
449	700	309	0	0.000271	0.000841	0	281	0	0
450	1090	909	0	0.000271	0.00119	0	281	0	0
451	1090	226	0	0.000289	0.00076	0	0	0	0
452	1131	241	0	0.00031	0.00454	0	1842	0	0
453	872	514	0	0.00032	0.0044	0	0	0	0
454	402	241	0	0.00028	0.00494	0	0	0	0
455	133	514	0	0.00028	0.00508	0	0	0	0
456	1298	126	0	0.000531	0.00093	0	0	0	0
457	1298	731	0	0.0003	0.001031	0	395	0	0
458	389	1327	0	0.00139	0.02163	0	657	0	0
459	389	1046	0	0.00164	0.02321	0	1776	0	0
460	525	1327	0	0.00136	0.02205	0	657	0	0
461	525	1046	0	0.0016	0.02367	0	657	0	0
462	260	1335	0	0.002091	0.01174	0	281	0	0
463	260	1335	0	0.001719	0.00961	0	453	0	0
464	833	139	0	0.012341	0.076781	0	319	0	0
465	833	1335	0	0.00176	0.009419	0	491	0	0
466	153	424	0	0.00031	0.00182	0	0	0	0
467	1080	396	0	0.00386	0.02348	0	1183	0	0
468	1080	714	0	0.00017	0.00104	0	1052	0	0
469	530	779	0	0.00061	0.00808	0	1513	0	0
470	530	579	0	0.00059	0.0067	0	0	0	0
471	349	140	0	0.00059	0.00748	0	1381	0	0
472	349	834	0	0.00061	0.0063	0	0	0	0
473	47	167	0	0.001031	0.008789	0	529	0	0
474	47	1348	0	0.00051	0.006169	0	529	0	0
475	47	1263	0	0.0005	0.00619	0	529	0	0
476	267	544	0	0.00049	0.00376	0	472	0	0
477	267	544	0	0.000539	0.003229	0	433	0	0
478	267	600	0	0.001031	0.00882	0	0	0	0
479	267	268	0	0.000711	0.00463	0	357	0	0
480	267	326	0	0.000711	0.004539	0	0	0	0
481	791	363	0	0.00206	0.015341	0	414	0	0
482	791	363	0	0.002021	0.01564	0	414	0	0
483	886	1284	0	0.00094	0.005781	0	510	0	0
484	886	135	0	0.002219	0.016969	0	529	0	0
485	1109	264	0	0.00238	0.01187	0	281	0	0
486	1109	424	0	0.00707	0.03095	0	281	0	0
487	6	955	0	0.00256	0.03401	0	1545	0	0
488	6	366	0	0.00203	0.02416	0	1052	0	0
489	6	691	0	0.001	0.01459	0	0	0	0
490	6	640	0	0.00103	0.00987	0	1513	0	0
491	6	760	0	0.00038	0.00483	0	1348	0	0
492	6	760	0	0.00041	0.00398	0	1216	0	0
493	1119	366	0	0.00167	0.01721	0	1282	0	0
494	1119	313	0	0.00098	0.01487	0	887	0	0
495	1119	1350	0	0.00042	0.00342	0	1249	0	0
496	1119	1350	0	0.00019	0.00248	0	1480	0	0
497	1119	640	0	0.00105	0.00966	0	1809	0	0
498	1119	524	0	0.00043	0.00473	0	1282	0	0
499	1119	524	0	0.00041	0.00397	0	1216	0	0
500	276	590	0	0.00051	0.00514	0	1118	0	0
501	14	590	0	0.00053	0.00503	0	1315	0	0
502	1126	567	0	0.00455	0.022771	0	300	0	0
503	1126	567	0	0.00557	0.02055	0	281	0	0
504	1126	567	0	0.00339	0.02026	0	0	0	0
505	739	1306	0	0.00237	0.01068	0	338	0	0
506	739	1184	0	0.0037	0.019479	0	281	0	0
507	890	1149	0	0.01407	0.056849	0	0	0	0
508	890	683	0	0.001669	0.015409	0	510	0	0
509	890	683	0	0.001711	0.015091	0	0	0	0
510	1153	558	0	0.00172	0.01619	0	1578	0	0
511	1153	1102	0	0.00029	0.00447	0	887	0	0
512	1153	1102	0	0.00033	0.00387	0	1019	0	0
513	1153	629	0	0.00079	0.01154	0	887	0	0
514	1153	629	0	0.00077	0.01177	0	887	0	0
515	1153	450	0	0.00127	0.01498	0	1447	0	0
516	259	22	0	0.00214	0.012599	0	395	0	0
517	644	355	0	0.000159	0.00125	0	357	0	0
518	559	777	0	0.000211	0.000669	0	357	0	0
519	96	1205	0	0.000341	0.001169	0	414	0	0
520	96	115	0	0.00024	0.001469	0	472	0	0
521	96	438	0	0.00018	0.000669	0	433	0	0
522	521	1165	0	0.00033	0.00683	0	821	0	0
523	521	323	0	0.00121	0.01211	0	1315	0	0
524	521	1114	0	0.00123	0.01185	0	1348	0	0
525	521	640	0	0.00058	0.0097	0	1085	0	0
526	521	760	0	0.00103	0.01292	0	1151	0	0
527	521	524	0	0.00116	0.01266	0	821	0	0
528	1065	607	0	0.0013	0.006841	0	357	0	0
529	447	146	0	6.00E-05	0.000349	0	338	0	0
530	393	509	0	0.000169	0.0007	0	300	0	0
531	1334	294	0	0.000169	0.000719	0	0	0	0
532	915	964	0	0.000271	0.001031	0	0	0	0
533	720	557	0	0.008271	0.036841	0	0	0	0
534	795	398	0	0.002969	0.02299	0	319	0	0
535	461	693	0	0.00124	0.01273	0	1118	0	0
536	461	655	0	0.00106	0.00989	0	1381	0	0
537	461	776	0	7.00E-05	0.00029	0	657	0	0
538	461	801	0	9.00E-05	0.00079	0	657	0	0
539	461	937	0	0.00196	0.02049	0	1513	0	0
540	461	1222	0	0.00158	0.01519	0	1183	0	0
541	903	396	0	0.00172	0.01811	0	1513	0	0
542	903	1094	0	0.00096	0.01121	0	1644	0	0
543	903	937	0	0.00147	0.01707	0	0	0	0
544	319	693	0	0.00129	0.0129	0	1216	0	0
545	319	685	0	0.00179	0.01737	0	1545	0	0
546	319	937	0	0.00131	0.01935	0	1677	0	0
547	306	1353	0	0.003901	0.01614	0	319	0	0
548	306	1353	0	0.002591	0.014771	0	453	0	0
549	306	1353	0	0.00224	0.0173	0	376	0	0
550	306	616	0	0.00012	0.000849	0	0	0	0
551	306	513	0	0.00394	0.03039	0	395	0	0
552	306	541	0	0.00189	0.01	0	0	0	0
553	306	403	0	0.00032	0.00257	0	0	0	0
554	306	403	0	0.00038	0.00224	0	0	0	0
555	306	1221	0	0.00751	0.03955	0	395	0	0
556	306	160	0	0.00086	0.006531	0	0	0	0
557	306	5	0	0.00087	0.006591	0	0	0	0
558	1284	135	0	0.003031	0.02276	0	529	0	0
559	1284	737	0	0.006331	0.03911	0	0	0	0
560	1284	662	0	0.00605	0.02986	0	281	0	0
561	1284	967	0	0.003919	0.01612	0	338	0	0
562	1284	166	0	0.002039	0.0108	0	338	0	0
563	1284	1047	0	0.006289	0.026271	0	414	0	0
564	435	414	0	0.00042	0.00547	0	756	0	0
565	435	414	0	0.00043	0.00536	0	657	0	0
566	435	1097	0	0.00147	0.01373	0	1677	0	0
567	435	1097	0	0.00131	0.01555	0	1447	0	0
568	435	239	0	0.00221	0.02217	0	1710	0	0
569	435	109	0	0.00224	0.0217	0	1710	0	0
570	1347	982	0	0.00095	0.003289	0	300	0	0
571	1347	504	0	0.000229	0.00082	0	0	0	0
572	1347	1033	0	0.00068	0.00306	0	0	0	0
573	1347	562	0	0.00049	0.00256	0	319	0	0
574	1347	560	0	0.000531	0.0022	0	0	0	0
575	1347	1093	0	0.00136	0.00956	0	414	0	0
576	1347	1093	0	0.0012	0.010729	0	376	0	0
577	1347	1093	0	0.00105	0.00861	0	0	0	0
578	1347	352	0	0.000591	0.006969	0	0	0	0
579	407	1233	0	0.00025	0.0008	0	0	0	0
580	407	31	0	0.00113	0.00632	0	300	0	0
581	57	313	0	0.0003	0.00275	0	854	0	0
582	1258	1012	0	0.00836	0.051659	0	529	0	0
583	1258	1012	0	0.01338	0.073469	0	491	0	0
584	1258	169	0	0.0027	0.02089	0	0	0	0
585	1258	662	0	0.003419	0.02636	0	510	0	0
586	1258	1265	0	0.009531	0.033711	0	357	0	0
587	360	1267	0	0.0004	0.00707	0	0	0	0
588	383	1267	0	0.00035	0.00701	0	0	0	0
589	738	981	0	0.00194	0.01751	0	433	0	0
590	738	981	0	0.00156	0.01936	0	414	0	0
591	693	132	0	0.00078	0.00941	0	1249	0	0
592	693	132	0	0.00074	0.00969	0	1480	0	0
593	693	1208	0	0.00042	0.00532	0	1578	0	0
594	693	1208	0	0.0004	0.00473	0	1743	0	0
595	693	1208	0	0.0006	0.00499	0	1447	0	0
596	236	945	0	0.00086	0.00638	0	510	0	0
597	236	945	0	0.000969	0.00625	0	510	0	0
598	236	1311	0	0.002781	0.01725	0	357	0	0
599	659	715	0	0.005031	0.028081	0	453	0	0
600	809	131	0	1.00E-05	0.00021	0	0	0	0
601	1154	131	0	1.00E-05	0.00025	0	0	0	0
602	62	131	0	2.00E-05	0.00031	0	657	0	0
603	442	131	0	3.00E-05	0.0004	0	657	0	0
604	686	925	0	0.000841	0.00474	0	433	0	0
605	686	925	0	0.00082	0.00487	0	433	0	0
606	992	232	0	0.00186	0.011979	0	0	0	0
607	555	781	0	0.00056	0.003021	0	281	0	0
608	901	781	0	0.00055	0.003081	0	0	0	0
609	1310	893	0	0.00114	0.01063	0	0	0	0
610	271	868	0	0.003719	0.02295	0	529	0	0
611	271	842	0	0.006669	0.04288	0	414	0	0
612	433	855	0	0.00243	0.0198	0	0	0	0
613	433	1037	0	0.00845	0.04339	0	433	0	0
614	381	556	0	0.00219	0.015169	0	281	0	0
615	381	314	0	0.00357	0.0302	0	319	0	0
616	376	1103	0	0.005849	0.032419	0	319	0	0
617	1280	159	0	0.00406	0.01688	0	0	0	0
618	1079	493	0	0.00113	0.0065	0	0	0	0
619	183	665	0	0.0068	0.04613	0	414	0	0
620	183	287	0	0.00337	0.02011	0	319	0	0
621	1174	1044	0	0.00011	0.0005	0	0	0	0
622	1008	810	0	0.003711	0.018521	0	338	0	0
623	1008	185	0	0.000271	0.00145	0	357	0	0
624	1211	703	0	0.00326	0.01824	0	0	0	0
625	1304	1040	0	0.00118	0.00712	0	319	0	0
626	1304	1000	0	0.00482	0.02232	0	281	0	0
627	633	1020	0	0.00013	0.000469	0	281	0	0
628	633	909	0	0.000229	0.00075	0	319	0	0
629	1151	503	0	0.004591	0.035021	0	433	0	0
630	1151	206	0	0.005469	0.03924	0	510	0	0
631	1151	206	0	0.00536	0.0403	0	0	0	0
632	1151	15	0	0.00424	0.033031	0	0	0	0
633	828	650	0	2.00E-05	0.00024	0	657	0	0
634	828	257	0	1.00E-05	0.00021	0	657	0	0
635	828	558	0	0.00286	0.03653	0	1545	0	0
636	828	573	0	0.00117	0.01183	0	1644	0	0
637	828	546	0	0.00103	0.01336	0	1381	0	0
638	828	214	0	0.00156	0.01969	0	1447	0	0
639	828	946	0	0.00449	0.05772	0	1677	0	0
640	828	542	0	0.00259	0.03469	0	1513	0	0
641	135	628	0	0.000219	0.00118	0	0	0	0
642	135	289	0	6.00E-05	0.00095	0	0	0	0
643	135	64	0	6.00E-05	0.000651	0	529	0	0
644	135	537	0	8.10E-05	0.000841	0	529	0	0
645	135	574	0	0.00274	0.020831	0	414	0	0
646	135	830	0	0.004781	0.027729	0	453	0	0
647	135	830	0	0.002849	0.02093	0	472	0	0
648	135	967	0	0.00513	0.03014	0	414	0	0
649	135	1047	0	0.00113	0.00651	0	0	0	0
650	135	119	0	0.00125	0.00707	0	472	0	0
651	1084	781	0	0.003349	0.01463	0	0	0	0
652	1084	216	0	0.00245	0.0122	0	395	0	0
653	186	1012	0	0.00587	0.036521	0	300	0	0
654	186	1012	0	0.00569	0.03774	0	0	0	0
655	186	1012	0	0.006031	0.03545	0	529	0	0
656	186	1147	0	0.000531	0.00301	0	0	0	0
657	186	932	0	0.00076	0.006099	0	414	0	0
658	102	1051	0	0.008841	0.028919	0	0	0	0
659	102	281	0	0.00169	0.007091	0	0	0	0
660	102	987	0	0.001031	0.00361	0	0	0	0
661	102	458	0	0.00813	0.030961	0	0	0	0
662	777	910	0	0.00013	0.00068	0	433	0	0
663	552	581	0	0.000211	0.000729	0	529	0	0
664	552	581	0	0.000169	0.000669	0	491	0	0
665	552	431	0	0.000669	0.00251	0	395	0	0
666	552	431	0	0.000711	0.00238	0	376	0	0
667	552	167	0	0.000229	0.00238	0	491	0	0
668	552	1348	0	0.0007	0.0065	0	453	0	0
669	552	1263	0	0.00061	0.006031	0	414	0	0
670	935	787	0	0.000281	0.0018	0	529	0	0
671	935	600	0	0.000211	0.002409	0	0	0	0
672	173	192	0	0.00056	0.00773	0	657	0	0
673	173	7	0	0.0023	0.01581	0	1118	0	0
674	1088	557	0	0.005039	0.032151	0	0	0	0
675	1088	13	0	0.00364	0.01713	0	357	0	0
676	1088	275	0	0.002169	0.012409	0	0	0	0
677	44	474	0	0.00113	0.004719	0	0	0	0
678	44	950	0	0.00113	0.004979	0	376	0	0
679	474	706	0	0.00264	0.01174	0	0	0	0
680	388	1149	0	0.00494	0.03181	0	376	0	0
681	388	314	0	0.003711	0.023961	0	510	0	0
682	631	1290	0	0.001409	0.01101	0	357	0	0
683	631	237	0	0.001169	0.00593	0	281	0	0
684	631	237	0	0.00118	0.00587	0	0	0	0
685	631	571	0	0.00264	0.012469	0	433	0	0
686	631	571	0	0.002349	0.01414	0	395	0	0
687	507	620	0	0.00014	0.0007	0	0	0	0
688	955	664	0	3.00E-05	0.00054	0	1776	0	0
689	955	1043	0	3.00E-05	0.00055	0	1710	0	0
690	955	553	0	4.00E-05	0.00058	0	1677	0	0
691	955	811	0	4.00E-05	0.00054	0	1776	0	0
692	955	640	0	0.00171	0.02197	0	1282	0	0
693	955	640	0	0.00164	0.02064	0	1545	0	0
694	955	1007	0	0.00136	0.01756	0	1611	0	0
695	955	54	0	0.00097	0.00942	0	1381	0	0
696	955	54	0	0.00086	0.01109	0	1381	0	0
697	955	54	0	0.00085	0.0113	0	1348	0	0
698	499	999	0	0.000979	0.0058	0	300	0	0
699	366	300	0	0.00052	0.00593	0	1809	0	0
700	366	300	0	0.00046	0.00672	0	1809	0	0
701	810	1259	0	0.001151	0.00636	0	472	0	0
702	810	1259	0	0.001031	0.007211	0	491	0	0
703	810	703	0	0.002341	0.02286	0	433	0	0
704	810	185	0	0.002281	0.02518	0	300	0	0
705	810	281	0	0.005479	0.02114	0	281	0	0
706	810	444	0	0.011159	0.08856	0	376	0	0
707	810	860	0	0.000669	0.00249	0	300	0	0
708	810	1137	0	0.00193	0.01643	0	472	0	0
709	810	458	0	0.00024	0.0017	0	338	0	0
710	680	27	0	0.010159	0.065849	0	0	0	0
711	1324	1077	0	0.00294	0.02131	0	414	0	0
712	1324	1338	0	0.018841	0.07469	0	0	0	0
713	1324	921	0	0.015599	0.052169	0	300	0	0
714	1149	467	0	0.005831	0.03969	0	395	0	0
715	1149	1240	0	0.00087	0.00661	0	357	0	0
716	1149	823	0	0.00637	0.024659	0	281	0	0
717	928	456	0	0.0027	0.020419	0	453	0	0
718	928	586	0	0.000409	0.00314	0	338	0	0
719	928	1273	0	0.001669	0.01301	0	376	0	0
720	928	1273	0	0.00164	0.01325	0	395	0	0
721	1138	685	0	0.00089	0.00556	0	1183	0	0
722	1138	625	0	0.00186	0.01809	0	1513	0	0
723	1138	498	0	0.00381	0.02853	0	920	0	0
724	817	350	0	0.012419	0.072151	0	300	0	0
725	817	200	0	0.0042	0.02556	0	300	0	0
726	817	415	0	0.010771	0.0493	0	376	0	0
727	817	357	0	0.010159	0.04995	0	300	0	0
728	817	1340	0	0.013169	0.05113	0	395	0	0
729	1233	141	0	0.000469	0.001159	0	300	0	0
730	1233	896	0	0.000229	0.00105	0	357	0	0
731	504	134	0	0.000271	0.001271	0	433	0	0
732	311	691	0	0.00099	0.01194	0	1545	0	0
733	311	682	0	0.00077	0.01184	0	0	0	0
734	311	760	0	0.00034	0.00426	0	0	0	0
735	594	313	0	0.00101	0.01168	0	1644	0	0
736	594	682	0	0.00086	0.01046	0	1710	0	0
737	594	524	0	0.00035	0.00417	0	0	0	0
738	963	212	0	0.000159	0.00069	0	433	0	0
739	704	858	0	0.000781	0.00488	0	529	0	0
740	704	71	0	0.000781	0.00511	0	433	0	0
741	704	1190	0	0.00064	0.003539	0	357	0	0
742	704	1190	0	0.00057	0.003781	0	338	0	0
743	704	449	0	0.000531	0.00111	0	0	0	0
744	704	1161	0	0.000521	0.00113	0	0	0	0
745	704	876	0	0.00176	0.00843	0	338	0	0
746	704	1273	0	0.002461	0.01975	0	472	0	0
747	678	989	0	0.000591	0.00105	0	0	0	0
748	298	203	0	0.00012	0.00064	0	0	0	0
749	968	264	0	0.000581	0.004419	0	0	0	0
750	923	264	0	0.000651	0.004331	0	0	0	0
751	63	418	0	0.001289	0.008289	0	395	0	0
752	740	1352	0	0.00233	0.03502	0	657	0	0
753	740	1352	0	0.00238	0.03781	0	657	0	0
754	740	303	0	0.00052	0.00605	0	1282	0	0
755	740	806	0	0.00023	0.00275	0	1414	0	0
756	740	1177	0	0.00134	0.01343	0	1611	0	0
757	740	1177	0	0.00116	0.01552	0	1381	0	0
758	1159	89	0	0.004169	0.027919	0	414	0	0
759	1159	715	0	0.00063	0.008	0	0	0	0
760	1159	274	0	0.004841	0.028581	0	529	0	0
761	1159	812	0	0.007419	0.05787	0	491	0	0
762	753	363	0	0.002719	0.020331	0	395	0	0
763	341	1048	0	0.000789	0.005	0	0	0	0
764	1344	27	0	0.00238	0.013219	0	357	0	0
765	1344	468	0	0.003771	0.02701	0	395	0	0
766	38	683	0	0.001271	0.00939	0	0	0	0
767	1312	973	0	0.000841	0.00131	0	0	0	0
768	1217	567	0	0.005711	0.043039	0	491	0	0
769	1217	567	0	0.00562	0.041901	0	395	0	0
770	741	436	0	0.00356	0.019781	0	433	0	0
771	741	22	0	0.004841	0.03149	0	433	0	0
772	94	1232	0	0.00057	0.00107	0	0	0	0
773	1006	731	0	0.000539	0.00213	0	414	0	0
774	55	710	0	0.0007	0.00425	0	0	0	0
775	207	940	0	0.0012	0.009531	0	0	0	0
776	207	398	0	0.00206	0.015901	0	0	0	0
777	540	706	0	0.00063	0.00312	0	0	0	0
778	181	937	0	3.00E-05	0.00041	0	1381	0	0
779	152	937	0	2.00E-05	0.00043	0	0	0	0
780	844	937	0	3.00E-05	0.00039	0	1183	0	0
781	578	937	0	3.00E-05	0.00038	0	0	0	0
782	202	523	0	0.0008	0.004151	0	0	0	0
783	684	523	0	0.000901	0.00381	0	0	0	0
784	459	81	0	0.000591	0.004341	0	376	0	0
785	459	81	0	0.000591	0.00405	0	395	0	0
786	745	682	0	0.00218	0.0275	0	1052	0	0
787	745	1187	0	0.00184	0.01677	0	986	0	0
788	97	132	0	0.00058	0.00807	0	986	0	0
789	97	132	0	0.00056	0.00823	0	821	0	0
790	97	590	0	0.00123	0.01146	0	1315	0	0
791	97	590	0	0.0011	0.01298	0	1381	0	0
792	97	1208	0	0.00156	0.01585	0	1677	0	0
793	97	429	0	0.00226	0.02781	0	1381	0	0
794	567	26	0	0.00614	0.02831	0	300	0	0
795	567	328	0	0.00513	0.03401	0	0	0	0
796	589	623	0	0.013219	0.0597	0	0	0	0
797	850	1018	0	0.012969	0.06087	0	0	0	0
798	1244	1300	0	0.00437	0.032831	0	453	0	0
799	1244	363	0	0.005651	0.033229	0	491	0	0
800	317	812	0	0.008969	0.03625	0	338	0	0
801	317	1129	0	0.012409	0.05645	0	319	0	0
802	743	925	0	0.00038	0.002271	0	300	0	0
803	936	619	0	0.00138	0.01089	0	472	0	0
804	936	619	0	0.001539	0.012521	0	491	0	0
805	936	9	0	0.00205	0.014229	0	433	0	0
806	936	1057	0	0.00026	0.00164	0	395	0	0
807	936	365	0	0.000289	0.00169	0	0	0	0
808	781	1105	0	0.003349	0.051211	0	357	0	0
809	1160	333	0	0.00038	0.001479	0	0	0	0
810	231	1034	0	0.00082	0.00625	0	453	0	0
811	475	305	0	0.00275	0.015581	0	472	0	0
812	881	867	0	0.000909	0.00739	0	0	0	0
813	558	1228	0	0.00082	0.01038	0	1447	0	0
814	558	1099	0	0.00093	0.01017	0	1282	0	0
815	558	214	0	0.00137	0.01431	0	1776	0	0
816	558	223	0	0.00215	0.02021	0	1578	0	0
817	1012	572	0	0.01189	0.058841	0	357	0	0
818	974	372	0	0.00104	0.01241	0	1151	0	0
819	974	372	0	0.00092	0.014	0	1151	0	0
820	974	348	0	0.00055	0.00845	0	1052	0	0
821	974	348	0	0.00054	0.00861	0	887	0	0
822	974	573	0	0.00105	0.01057	0	1710	0	0
823	974	546	0	0.00089	0.01122	0	1513	0	0
824	974	1004	0	0.00223	0.02584	0	1677	0	0
825	1183	755	0	0.00101	0.007841	0	453	0	0
826	1183	755	0	0.001081	0.008099	0	472	0	0
827	906	1047	0	0.011081	0.068479	0	0	0	0
828	1352	1262	0	2.00E-05	0.00033	0	0	0	0
829	1352	1288	0	1.00E-05	0.00029	0	1677	0	0
830	1352	1253	0	0.00071	0.00892	0	1480	0	0
831	1352	1046	0	0.00136	0.01526	0	1348	0	0
832	868	1129	0	0.005401	0.036021	0	491	0	0
833	469	508	0	0.00437	0.033719	0	357	0	0
834	469	146	0	0.005151	0.034919	0	414	0	0
835	37	105	0	0.00038	0.00139	0	0	0	0
836	37	147	0	0.00037	0.0015	0	0	0	0
837	37	710	0	0.00069	0.004461	0	433	0	0
838	503	766	0	0.00688	0.040591	0	281	0	0
839	503	15	0	0.001341	0.008349	0	376	0	0
840	503	15	0	0.001229	0.009669	0	529	0	0
841	724	851	0	0.00137	0.006039	0	319	0	0
842	1101	947	0	0.001919	0.01261	0	376	0	0
843	1101	116	0	0.00163	0.0095	0	433	0	0
844	1295	1290	0	0.00488	0.0497	0	472	0	0
845	1295	675	0	0.001289	0.0087	0	453	0	0
846	1295	510	0	0.00211	0.01524	0	472	0	0
847	1295	510	0	0.00206	0.015539	0	491	0	0
848	1295	510	0	0.00276	0.01631	0	414	0	0
849	1295	947	0	0.00305	0.019521	0	510	0	0
850	1295	1268	0	0.000409	0.0023	0	395	0	0
851	1295	954	0	0.00036	0.00268	0	414	0	0
852	1182	971	0	0.00032	0.00049	0	0	0	0
853	148	971	0	0.00013	0.000349	0	0	0	0
854	1165	640	0	0.0002	0.00327	0	0	0	0
855	107	315	0	0.000919	0.00561	0	433	0	0
856	107	315	0	0.00094	0.00549	0	433	0	0
857	107	1095	0	0.00175	0.01976	0	433	0	0
858	107	976	0	0.001729	0.019331	0	376	0	0
859	332	983	0	0.00406	0.02581	0	472	0	0
860	332	99	0	0.00526	0.025961	0	414	0	0
861	483	149	0	0.00179	0.02098	0	1249	0	0
862	483	873	0	0.00162	0.02148	0	1282	0	0
863	483	1196	0	0.00492	0.04991	0	953	0	0
864	483	131	0	0.00109	0.01361	0	986	0	0
865	483	131	0	0.00097	0.0153	0	789	0	0
866	483	590	0	0.00322	0.03022	0	1381	0	0
867	218	1076	0	0.032831	0.074151	0	0	0	0
868	218	995	0	0.01411	0.058711	0	414	0	0
869	218	1234	0	0.02725	0.102979	0	338	0	0
870	218	472	0	0.012229	0.04049	0	300	0	0
871	218	390	0	0.01994	0.066719	0	0	0	0
872	218	572	0	0.018591	0.07462	0	338	0	0
873	218	681	0	0.008979	0.03251	0	0	0	0
874	218	641	0	0.016531	0.086031	0	281	0	0
875	1246	8	0	0.003591	0.02137	0	491	0	0
876	1246	957	0	0.00124	0.008	0	300	0	0
877	1246	957	0	0.001271	0.007831	0	338	0	0
878	1246	220	0	0.000469	0.00294	0	395	0	0
879	1246	639	0	0.000841	0.003289	0	395	0	0
880	1045	283	0	0.00219	0.016539	0	300	0	0
881	1045	815	0	0.002901	0.020901	0	300	0	0
882	1116	35	0	0.0002	0.001211	0	0	0	0
883	723	198	0	9.10E-05	0.000479	0	0	0	0
884	1021	1036	0	0.005461	0.029469	0	319	0	0
885	1021	493	0	0.001979	0.011289	0	491	0	0
886	179	22	0	0.0023	0.01289	0	0	0	0
887	1320	361	0	0.000159	0.00037	0	0	0	0
888	1290	571	0	0.002789	0.01562	0	433	0	0
889	864	826	0	0.002531	0.012331	0	281	0	0
890	864	1118	0	0.00357	0.023289	0	300	0	0
891	864	728	0	0.00076	0.006039	0	414	0	0
892	606	216	0	0.000469	0.00075	0	0	0	0
893	25	216	0	0.00044	0.00069	0	0	0	0
894	441	308	0	0.00561	0.035521	0	491	0	0
895	1254	127	0	0.004539	0.03468	0	0	0	0
896	1254	127	0	0.00175	0.0067	0	319	0	0
897	1254	547	0	0.007461	0.031419	0	300	0	0
898	1259	969	0	0.00224	0.012909	0	510	0	0
899	1025	4	0	0.0003	0.000961	0	319	0	0
900	1025	4	0	0.00032	0.001409	0	0	0	0
901	1025	222	0	0.002031	0.0157	0	453	0	0
902	1025	621	0	0.00038	0.00306	0	414	0	0
903	1025	1143	0	0.00118	0.0083	0	453	0	0
904	1025	804	0	0.001229	0.00787	0	472	0	0
905	826	838	0	0.00301	0.01538	0	414	0	0
906	975	804	0	0.00063	0.00114	0	281	0	0
907	773	1143	0	0.00064	0.00111	0	0	0	0
908	1130	582	0	0.004919	0.03837	0	529	0	0
909	912	510	0	0.001831	0.008349	0	338	0	0
910	508	48	0	0.00536	0.03188	0	433	0	0
911	439	1306	0	0.00038	0.001461	0	0	0	0
912	439	1306	0	0.000289	0.001521	0	0	0	0
913	1306	367	0	0.00305	0.016841	0	376	0	0
914	1306	1328	0	0.001781	0.012729	0	357	0	0
915	301	1096	0	0.00041	0.00461	0	854	0	0
916	301	1096	0	0.0004	0.0047	0	920	0	0
917	619	782	0	0.00213	0.01401	0	529	0	0
918	619	339	0	0.001271	0.00887	0	338	0	0
919	619	421	0	0.00462	0.02743	0	433	0	0
920	380	1082	0	0.001539	0.00776	0	0	0	0
921	1049	1301	0	0.00025	0.00478	0	0	0	0
922	789	1301	0	0.00025	0.00487	0	0	0	0
923	1179	1301	0	0.00025	0.00435	0	723	0	0
924	919	1301	0	0.00026	0.00426	0	657	0	0
925	178	1301	0	0.00025	0.00479	0	0	0	0
926	626	1341	0	0.000169	0.00076	0	338	0	0
927	626	1163	0	0.00039	0.00126	0	395	0	0
928	358	715	0	0.011229	0.074659	0	529	0	0
929	358	274	0	0.014521	0.058081	0	300	0	0
930	358	1276	0	0.00064	0.003919	0	433	0	0
931	358	761	0	0.014789	0.07768	0	338	0	0
932	358	1010	0	0.00938	0.05355	0	472	0	0
933	358	252	0	0.00124	0.004289	0	319	0	0
934	766	1245	0	0.00968	0.04388	0	0	0	0
935	766	24	0	0.008531	0.067151	0	357	0	0
936	766	1083	0	0.00731	0.04106	0	338	0	0
937	1073	869	0	0.004349	0.02555	0	433	0	0
938	1073	1092	0	0.00599	0.03462	0	376	0	0
939	1275	715	0	0.002961	0.021591	0	453	0	0
940	1275	715	0	0.002901	0.02206	0	472	0	0
941	1275	882	0	0.002979	0.016969	0	376	0	0
942	852	635	0	0.00312	0.020021	0	376	0	0
943	1232	288	0	0.000219	0.000909	0	0	0	0
944	197	288	0	0.000219	0.00093	0	357	0	0
945	425	312	0	0.000151	0.000289	0	0	0	0
946	736	1194	0	0.00563	0.043599	0	0	0	0
947	736	711	0	0.000969	0.00612	0	414	0	0
948	516	539	0	0.005021	0.020719	0	338	0	0
949	516	698	0	0.00988	0.041039	0	0	0	0
950	695	642	0	0.003159	0.02011	0	376	0	0
951	695	642	0	0.003219	0.01969	0	376	0	0
952	1038	802	0	0.00049	0.00238	0	0	0	0
953	1038	802	0	0.000479	0.002419	0	0	0	0
954	1193	846	0	0.00264	0.019729	0	433	0	0
955	1193	846	0	0.002581	0.02011	0	395	0	0
956	989	969	0	0.00037	0.002831	0	453	0	0
957	989	839	0	0.00213	0.012789	0	414	0	0
958	350	108	0	0.018669	0.092281	0	338	0	0
959	123	1326	0	3.90E-05	0.000401	0	0	0	0
960	617	1326	0	6.00E-05	0.00044	0	281	0	0
961	990	315	0	6.00E-05	0.0005	0	414	0	0
962	838	385	0	0.001271	0.007031	0	376	0	0
963	838	1105	0	0.00055	0.003159	0	510	0	0
964	838	1105	0	0.00055	0.00338	0	491	0	0
965	838	1105	0	0.00105	0.004771	0	395	0	0
966	838	238	0	0.003289	0.015039	0	281	0	0
967	92	88	0	0.00036	0.004349	0	510	0	0
968	527	88	0	0.00038	0.003669	0	0	0	0
969	925	355	0	0.00118	0.00701	0	0	0	0
970	925	355	0	0.001229	0.00686	0	433	0	0
971	925	865	0	0.00301	0.0217	0	0	0	0
972	925	865	0	0.003409	0.01924	0	0	0	0
973	925	865	0	0.003409	0.01938	0	472	0	0
974	1141	1351	0	0.002719	0.02131	0	0	0	0
975	443	206	0	0.00295	0.01956	0	0	0	0
976	756	839	0	0.001091	0.00831	0	376	0	0
977	440	865	0	0.00111	0.008211	0	453	0	0
978	802	316	0	0.002469	0.015271	0	529	0	0
979	802	1178	0	0.00212	0.01601	0	0	0	0
980	802	374	0	0.00037	0.0028	0	433	0	0
981	802	1034	0	0.00162	0.01238	0	0	0	0
982	802	1034	0	0.001909	0.01162	0	0	0	0
983	802	1034	0	0.001909	0.010729	0	453	0	0
984	802	563	0	0.00089	0.00526	0	319	0	0
985	802	818	0	0.00087	0.00536	0	0	0	0
986	802	851	0	0.001521	0.01176	0	433	0	0
987	1317	948	0	0.00014	0.000591	0	376	0	0
988	191	155	0	0.003531	0.028781	0	0	0	0
989	405	1197	0	0.004599	0.03657	0	453	0	0
990	405	1210	0	0.00307	0.019159	0	491	0	0
991	405	154	0	0.000581	0.004461	0	414	0	0
992	405	999	0	0.00164	0.01161	0	491	0	0
993	735	998	0	0.00057	0.003281	0	433	0	0
994	1125	1016	0	0.020419	0.063669	0	0	0	0
995	949	466	0	0.01424	0.04751	0	0	0	0
996	1260	36	0	0.00157	0.008849	0	453	0	0
997	1260	370	0	0.01218	0.07524	0	0	0	0
998	237	98	0	0.00037	0.00151	0	0	0	0
999	1216	905	0	0.000219	0.000531	0	0	0	0
1000	598	198	0	0.002849	0.0137	0	0	0	0
1001	132	1063	0	0.00116	0.01692	0	1183	0	0
1002	132	1063	0	0.00133	0.01462	0	1315	0	0
1003	132	937	0	0.00063	0.00821	0	887	0	0
1004	132	937	0	0.00064	0.00804	0	1183	0	0
1005	836	800	0	0.00126	0.01272	0	1282	0	0
1006	836	1196	0	0.00337	0.0494	0	1644	0	0
1007	836	1070	0	0.0014	0.0214	0	0	0	0
1008	836	1070	0	0.00137	0.02182	0	0	0	0
1009	836	1046	0	0.00212	0.02063	0	1118	0	0
1010	821	50	0	0.00186	0.01045	0	510	0	0
1011	821	1106	0	0.00426	0.021771	0	338	0	0
1012	821	1106	0	0.002659	0.020539	0	395	0	0
1013	821	635	0	0.00606	0.049919	0	357	0	0
1014	1063	636	0	0.00109	0.01192	0	789	0	0
1015	216	592	0	0.013021	0.049219	0	338	0	0
1016	216	710	0	0.00236	0.01239	0	338	0	0
1017	216	710	0	0.0027	0.015169	0	319	0	0
1018	682	498	0	0.00285	0.03283	0	1414	0	0
1019	682	498	0	0.00529	0.03969	0	920	0	0
1020	192	498	0	0.00254	0.03721	0	1447	0	0
1021	557	394	0	0.000159	0.00069	0	0	0	0
1022	557	394	0	0.000229	0.000979	0	0	0	0
1023	557	394	0	0.00024	0.00082	0	0	0	0
1024	557	104	0	0.000169	0.00075	0	0	0	0
1025	557	726	0	0.00368	0.01756	0	0	0	0
1026	557	275	0	0.002599	0.020659	0	0	0	0
1027	1085	822	0	0.00018	0.00064	0	0	0	0
1028	1085	1023	0	0.000159	0.000771	0	281	0	0
1029	1085	869	0	0.00357	0.01981	0	376	0	0
1030	1085	1092	0	0.006021	0.03205	0	433	0	0
1031	721	422	0	0.001781	0.01164	0	433	0	0
1032	721	1026	0	0.002781	0.018831	0	414	0	0
1033	370	891	0	0.000349	0.00281	0	0	0	0
1034	12	273	0	0.00313	0.02444	0	510	0	0
1035	12	273	0	0.00368	0.02074	0	491	0	0
1036	315	490	0	9.10E-05	0.001539	0	0	0	0
1037	315	531	0	0.00251	0.01111	0	0	0	0
1038	315	991	0	0.003081	0.017961	0	319	0	0
1039	315	976	0	0.005341	0.030419	0	338	0	0
1040	315	1113	0	9.90E-05	0.00126	0	414	0	0
1041	1326	144	0	0.002169	0.017901	0	319	0	0
1042	361	896	0	0.00011	0.00038	0	0	0	0
1043	203	208	0	0.00212	0.00494	0	0	0	0
1044	203	1129	0	0.018901	0.077349	0	376	0	0
1045	1146	788	0	0.00957	0.0395	0	357	0	0
1046	1146	1016	0	0.02324	0.063469	0	300	0	0
1047	1009	495	0	0.000531	0.004331	0	510	0	0
1048	286	78	0	0.002581	0.006229	0	0	0	0
1049	934	182	0	0.00031	0.002211	0	319	0	0
1050	106	1016	0	0.01087	0.06114	0	338	0	0
1051	106	866	0	0.011581	0.061099	0	319	0	0
1052	1111	457	0	0.002099	0.016271	0	300	0	0
1053	60	221	0	0.00093	0.005461	0	0	0	0
1054	60	769	0	0.009591	0.037039	0	319	0	0
1055	60	100	0	0.002591	0.017211	0	453	0	0
1056	60	1303	0	0.00164	0.013651	0	395	0	0
1057	399	305	0	0.003219	0.014719	0	357	0	0
1058	399	325	0	0.00401	0.022229	0	357	0	0
1059	399	1026	0	0.00126	0.010211	0	491	0	0
1060	624	1145	0	0.009169	0.03993	0	0	0	0
1061	624	583	0	0.001349	0.006081	0	0	0	0
1062	255	1228	0	0.00156	0.01931	0	1480	0	0
1063	255	1099	0	0.00152	0.01968	0	1381	0	0
1064	255	1132	0	0.00094	0.01433	0	1578	0	0
1065	255	1003	0	0.00092	0.01461	0	1348	0	0
1066	255	131	0	0.00137	0.02012	0	1019	0	0
1067	255	131	0	0.00134	0.02051	0	821	0	0
1068	582	672	0	0.00314	0.042151	0	472	0	0
1069	582	878	0	0.000651	0.00494	0	0	0	0
1070	582	1010	0	0.003961	0.02426	0	491	0	0
1071	114	239	0	0.00013	0.0015	0	0	0	0
1072	451	109	0	0.00013	0.00147	0	1776	0	0
1073	716	239	0	0.00011	0.00172	0	1776	0	0
1074	296	109	0	0.00012	0.00166	0	0	0	0
1075	585	239	0	0.00012	0.00168	0	1809	0	0
1076	565	109	0	0.00012	0.00172	0	1809	0	0
1077	93	88	0	0.00093	0.005669	0	0	0	0
1078	427	1034	0	0.00105	0.00506	0	0	0	0
1079	840	904	0	0.00113	0.006539	0	0	0	0
1080	764	803	0	0.00037	0.002919	0	0	0	0
1081	89	842	0	0.005169	0.03738	0	376	0	0
1082	575	130	0	0.00125	0.006669	0	357	0	0
1083	338	359	0	0.001281	0.00661	0	0	0	0
1084	27	444	0	0.00226	0.0138	0	357	0	0
1085	371	524	0	0.00213	0.02677	0	1513	0	0
1086	371	498	0	0.00154	0.01919	0	1249	0	0
1087	683	74	0	0.00687	0.04413	0	0	0	0
1088	683	485	0	0.0045	0.04725	0	357	0	0
1089	683	1071	0	0.00138	0.00837	0	0	0	0
1090	456	217	0	0.000419	0.001901	0	0	0	0
1091	456	217	0	0.00043	0.00186	0	0	0	0
1092	889	707	0	0.003331	0.015099	0	491	0	0
1093	497	953	0	0.002099	0.01631	0	433	0	0
1094	574	830	0	0.001331	0.01082	0	491	0	0
1095	574	965	0	0.00199	0.00818	0	281	0	0
1096	574	965	0	0.00169	0.008831	0	0	0	0
1097	189	119	0	0.001771	0.014281	0	0	0	0
1098	74	79	0	0.003099	0.01844	0	395	0	0
1099	519	222	0	0.003409	0.01819	0	338	0	0
1100	733	326	0	0.00057	0.00369	0	0	0	0
1101	1173	865	0	0.001081	0.00468	0	0	0	0
1102	786	865	0	0.00105	0.004771	0	0	0	0
1103	556	79	0	0.001979	0.01549	0	491	0	0
1104	556	1071	0	0.001469	0.015151	0	0	0	0
1105	858	752	0	0.000711	0.003969	0	319	0	0
1106	858	1104	0	0.00051	0.00274	0	0	0	0
1107	858	476	0	0.000521	0.00306	0	395	0	0
1108	858	517	0	0.00188	0.011841	0	0	0	0
1109	858	229	0	0.002469	0.010539	0	0	0	0
1110	71	778	0	0.00045	0.00351	0	414	0	0
1111	597	1341	0	0.00037	0.000659	0	0	0	0
1112	309	577	0	0.000401	0.0007	0	0	0	0
1113	309	905	0	0.00014	0.000531	0	0	0	0
1114	309	240	0	0.000289	0.0013	0	395	0	0
1115	309	909	0	7.00E-05	0.000289	0	0	0	0
1116	309	964	0	0.00051	0.002151	0	281	0	0
1117	309	1180	0	0.00037	0.00157	0	433	0	0
1118	750	56	0	0.00022	0.00277	0	1348	0	0
1119	750	56	0	0.00025	0.00271	0	1447	0	0
1120	1115	453	0	0.000271	0.002081	0	472	0	0
1121	1115	453	0	0.00025	0.00231	0	433	0	0
1122	476	343	0	0.00095	0.00331	0	0	0	0
1123	476	1261	0	0.00093	0.00336	0	0	0	0
1124	1175	1263	0	0.000341	0.002211	0	491	0	0
1125	386	1348	0	0.00032	0.00232	0	0	0	0
1126	627	1235	0	3.90E-05	0.000271	0	414	0	0
1127	75	1097	0	0.00075	0.0101	0	1513	0	0
1128	75	608	0	0.00118	0.01455	0	1447	0	0
1129	316	1318	0	0.0017	0.0098	0	414	0	0
1130	316	1318	0	0.001521	0.01111	0	0	0	0
1131	316	297	0	0.000169	0.001401	0	0	0	0
1132	316	88	0	0.002591	0.01725	0	510	0	0
1133	316	526	0	0.000169	0.001159	0	338	0	0
1134	316	707	0	0.00307	0.01339	0	433	0	0
1135	385	728	0	0.002591	0.013521	0	414	0	0
1136	1325	1321	0	0.000581	0.005031	0	453	0	0
1137	1015	825	0	0.001419	0.00595	0	281	0	0
1138	85	213	0	0.00205	0.02664	0	1348	0	0
1139	85	396	0	0.00295	0.03721	0	1414	0	0
1140	85	685	0	0.00335	0.03648	0	1381	0	0
1141	85	235	0	0.00022	0.00251	0	1151	0	0
1142	85	310	0	0.00059	0.00651	0	1545	0	0
1143	534	320	0	0.008539	0.041979	0	281	0	0
1144	534	411	0	0.001349	0.0052	0	300	0	0
1145	545	1162	0	0.00245	0.013909	0	414	0	0
1146	545	367	0	0.001469	0.008419	0	453	0	0
1147	800	1046	0	0.00084	0.00836	0	1249	0	0
1148	1036	304	0	0.002591	0.017789	0	414	0	0
1149	1036	1145	0	0.009651	0.05968	0	319	0	0
1150	1082	1095	0	0.00143	0.00799	0	281	0	0
1151	1082	976	0	0.001969	0.014909	0	472	0	0
1152	139	273	0	0.01039	0.06406	0	395	0	0
1153	712	495	0	0.000719	0.005331	0	338	0	0
1154	880	1007	0	0.00052	0.00565	0	1315	0	0
1155	1252	1030	0	0.002409	0.019479	0	395	0	0
1156	1252	1030	0	0.00256	0.019151	0	319	0	0
1157	1252	418	0	0.00656	0.02288	0	281	0	0
1158	613	933	0	0.0027	0.014901	0	300	0	0
1159	613	849	0	0.003591	0.01362	0	300	0	0
1160	1069	367	0	0.002211	0.01188	0	0	0	0
1161	1069	1184	0	0.00068	0.00357	0	300	0	0
1162	1089	230	0	0.000211	0.000969	0	300	0	0
1163	1302	502	0	9.90E-05	0.000539	0	0	0	0
1164	264	926	0	0.00645	0.0263	0	319	0	0
1165	694	879	0	0.00063	0.001901	0	0	0	0
1166	250	533	0	0.000281	0.000669	0	0	0	0
1167	1120	583	0	0.000219	0.00064	0	0	0	0
1168	1345	969	0	0.00014	0.00105	0	0	0	0
1169	1212	1266	0	0.003219	0.020729	0	433	0	0
1170	1212	1224	0	0.00051	0.003151	0	472	0	0
1171	1212	1224	0	0.000409	0.00331	0	414	0	0
1172	832	960	0	0.002289	0.017479	0	491	0	0
1173	832	170	0	0.002831	0.01895	0	433	0	0
1174	832	1062	0	0.006289	0.036521	0	0	0	0
1175	832	1309	0	0.005651	0.032169	0	338	0	0
1176	832	1059	0	0.00414	0.02262	0	376	0	0
1177	518	971	0	0.01095	0.05814	0	357	0	0
1178	518	138	0	0.009	0.0368	0	395	0	0
1179	518	1201	0	0.000229	0.00181	0	453	0	0
1180	290	950	0	0.00119	0.00726	0	510	0	0
1181	1335	95	0	0.011771	0.051669	0	529	0	0
1182	1097	321	0	0.00209	0.02279	0	1611	0	0
1183	1103	592	0	0.002031	0.01443	0	0	0	0
1184	1103	1002	0	0.00145	0.008479	0	453	0	0
1185	372	898	0	0.00124	0.01433	0	1414	0	0
1186	372	898	0	0.00127	0.01402	0	1776	0	0
1187	211	549	0	0.013039	0.052841	0	529	0	0
1188	348	898	0	0.00235	0.02739	0	854	0	0
1189	348	898	0	0.0024	0.02681	0	1118	0	0
1190	348	629	0	0.00135	0.02056	0	657	0	0
1191	348	188	0	0.00087	0.01124	0	854	0	0
1192	1204	24	0	0.0012	0.00818	0	529	0	0
1193	24	932	0	0.006961	0.05561	0	395	0	0
1194	782	1150	0	0.00105	0.00763	0	376	0	0
1195	782	69	0	0.000219	0.00182	0	0	0	0
1196	782	1282	0	3.90E-05	0.0002	0	0	0	0
1197	782	1282	0	4.50E-05	0.000195	0	0	0	0
1198	782	643	0	0.0035	0.022651	0	433	0	0
1199	584	273	0	0.004281	0.02319	0	357	0	0
1200	584	793	0	0.003729	0.014021	0	319	0	0
1201	1024	320	0	0.00212	0.01582	0	472	0	0
1202	1253	1046	0	0.00056	0.00784	0	657	0	0
1203	273	1129	0	0.004401	0.01813	0	0	0	0
1204	273	1129	0	0.005021	0.02144	0	0	0	0
1205	727	431	0	0.00018	0.000219	0	281	0	0
1206	632	431	0	0.000151	0.000211	0	0	0	0
1207	666	431	0	0.000151	0.000211	0	0	0	0
1208	303	873	0	0.00282	0.02591	0	1381	0	0
1209	512	945	0	0.00131	0.008539	0	433	0	0
1210	599	1093	0	0.002159	0.015969	0	0	0	0
1211	775	268	0	0.00019	0.000281	0	0	0	0
1212	824	326	0	0.0002	0.000281	0	0	0	0
1213	304	1169	0	0.00139	0.00774	0	472	0	0
1214	81	920	0	0.01101	0.06739	0	529	0	0
1215	81	397	0	0.00063	0.00463	0	338	0	0
1216	81	1333	0	0.002341	0.009599	0	376	0	0
1217	50	635	0	0.00375	0.021659	0	376	0	0
1218	213	853	0	0.00056	0.00749	0	1183	0	0
1219	72	953	0	0.00118	0.00926	0	433	0	0
1220	72	879	0	0.002039	0.013081	0	414	0	0
1221	253	1093	0	0.00155	0.010961	0	0	0	0
1222	490	1113	0	3.90E-05	0.00036	0	319	0	0
1223	157	28	0	0.00024	0.000409	0	281	0	0
1224	1235	1039	0	0.000341	0.001659	0	453	0	0
1225	1235	785	0	0.005461	0.024919	0	357	0	0
1226	1267	1029	0	0.00158	0.02413	0	854	0	0
1227	1267	1278	0	0.00155	0.02458	0	756	0	0
1228	1267	1001	0	0.00021	0.00256	0	1315	0	0
1229	1267	1001	0	0.00024	0.00243	0	1414	0	0
1230	1267	1294	0	0.00144	0.02266	0	1414	0	0
1231	1267	1294	0	0.0014	0.02098	0	1447	0	0
1232	1267	1229	0	0.00086	0.01074	0	0	0	0
1233	1266	1224	0	0.003341	0.02611	0	453	0	0
1234	32	981	0	0.00387	0.02063	0	414	0	0
1235	32	981	0	0.00405	0.018271	0	414	0	0
1236	32	168	0	0.00101	0.00462	0	300	0	0
1237	32	378	0	0.00088	0.00389	0	319	0	0
1238	32	1062	0	0.005081	0.039	0	414	0	0
1239	1162	1184	0	0.00257	0.0208	0	453	0	0
1240	1162	1184	0	0.00251	0.01926	0	414	0	0
1241	1162	143	0	0.002531	0.01314	0	0	0	0
1242	1055	1139	0	0.00132	0.00869	0	0	0	0
1243	660	1299	0	0.00082	0.004021	0	319	0	0
1244	660	722	0	0.00143	0.007479	0	338	0	0
1245	404	169	0	0.000659	0.005771	0	0	0	0
1246	404	169	0	0.000591	0.006539	0	0	0	0
1247	187	913	0	0.00589	0.025599	0	376	0	0
1248	187	1016	0	0.00614	0.02343	0	338	0	0
1249	396	262	0	0.00155	0.01994	0	1381	0	0
1250	396	498	0	0.00205	0.03218	0	1480	0	0
1251	685	498	0	0.00233	0.03154	0	1480	0	0
1252	705	849	0	0.002341	0.01982	0	0	0	0
1253	150	1201	0	8.10E-05	0.000521	0	433	0	0
1254	199	823	0	9.90E-05	0.00069	0	491	0	0
1255	647	689	0	0.00276	0.016419	0	453	0	0
1256	1027	730	0	0.00036	0.001229	0	357	0	0
1257	1027	564	0	0.000229	0.000711	0	414	0	0
1258	948	115	0	0.00013	0.00099	0	414	0	0
1259	1311	940	0	0.001159	0.00689	0	319	0	0
1260	1000	877	0	0.008531	0.03045	0	281	0	0
1261	794	1169	0	0.000781	0.004531	0	414	0	0
1262	794	1169	0	0.00075	0.00474	0	433	0	0
1263	863	612	0	0.002159	0.008349	0	0	0	0
1264	1187	1207	0	0.00162	0.01651	0	1447	0	0
1265	127	921	0	0.01236	0.044211	0	300	0	0
1266	127	921	0	0.00825	0.03989	0	319	0	0
1267	127	570	0	0.02187	0.066961	0	0	0	0
1268	127	603	0	0.01212	0.06661	0	0	0	0
1269	593	239	0	0.00036	0.00534	0	789	0	0
1270	983	164	0	0.000229	0.00063	0	0	0	0
1271	983	1110	0	0.000219	0.000581	0	0	0	0
1272	611	605	0	0.000281	0.00063	0	0	0	0
1273	232	201	0	0.005021	0.035659	0	319	0	0
1274	465	551	0	0.00174	0.007901	0	0	0	0
1275	769	325	0	0.003919	0.020581	0	395	0	0
1276	769	1328	0	0.003341	0.016349	0	395	0	0
1277	769	210	0	0.003271	0.016669	0	357	0	0
1278	406	1234	0	0.000151	0.000659	0	319	0	0
1279	927	1145	0	0.00736	0.035659	0	0	0	0
1280	927	588	0	0.00944	0.042169	0	0	0	0
1281	667	708	0	0.00068	0.00652	0	756	0	0
1282	667	514	0	0.00188	0.02281	0	1282	0	0
1283	305	1028	0	0.00168	0.00956	0	433	0	0
1284	305	1028	0	0.001669	0.00981	0	414	0	0
1285	305	100	0	0.002229	0.01599	0	491	0	0
1286	305	100	0	0.00218	0.01631	0	510	0	0
1287	149	937	0	0.00238	0.02124	0	953	0	0
1288	149	937	0	0.00194	0.02023	0	1151	0	0
1289	1076	472	0	0.013831	0.05955	0	0	0	0
1290	1076	53	0	0.00876	0.04875	0	319	0	0
1291	417	272	0	0.0002	0.00099	0	300	0	0
1292	195	357	0	0.00105	0.00826	0	376	0	0
1293	320	95	0	0.0172	0.06637	0	376	0	0
1294	539	415	0	0.00305	0.015781	0	376	0	0
1295	946	542	0	0.00208	0.02105	0	1381	0	0
1296	1224	287	0	0.00614	0.043729	0	376	0	0
1297	1224	867	0	0.000229	0.001849	0	453	0	0
1298	848	882	0	0.00386	0.025789	0	338	0	0
1299	848	344	0	0.002031	0.012	0	491	0	0
1300	384	1093	0	0.000591	0.004	0	395	0	0
1301	161	352	0	9.10E-05	0.00051	0	0	0	0
1302	1105	857	0	0.00732	0.039969	0	319	0	0
1303	1105	482	0	0.004581	0.02031	0	529	0	0
1304	1118	857	0	0.00132	0.00537	0	357	0	0
1305	169	166	0	0.007521	0.0387	0	376	0	0
1306	995	749	0	0.005159	0.031281	0	433	0	0
1307	1200	1274	0	9.90E-05	0.001159	0	0	0	0
1308	1011	1274	0	9.90E-05	0.00113	0	0	0	0
1309	675	658	0	0.00019	0.000909	0	281	0	0
1310	1041	1133	0	0.00107	0.00413	0	0	0	0
1311	1001	307	0	9.00E-05	0.00058	0	1151	0	0
1312	1001	610	0	9.00E-05	0.00059	0	1052	0	0
1313	1001	1323	0	8.00E-05	0.00053	0	657	0	0
1314	1001	84	0	8.00E-05	0.00052	0	657	0	0
1315	952	1287	0	0.000271	0.00151	0	395	0	0
1316	1301	898	0	0.00053	0.00585	0	1809	0	0
1317	1301	898	0	0.00047	0.00663	0	1348	0	0
1318	1301	898	0	0.00046	0.00676	0	1151	0	0
1319	1301	898	0	0.00045	0.00689	0	1151	0	0
1320	1301	1230	0	0.00028	0.00338	0	1480	0	0
1321	1301	1230	0	0.0003	0.00319	0	1249	0	0
1322	240	677	0	0.00025	0.00101	0	376	0	0
1323	28	288	0	0.000281	0.00119	0	0	0	0
1324	426	825	0	0.00018	0.00063	0	0	0	0
1325	737	662	0	0.00382	0.02868	0	0	0	0
1326	737	42	0	0.00361	0.0235	0	472	0	0
1327	737	1005	0	0.00538	0.03569	0	0	0	0
1328	501	1124	0	6.00E-05	0.000409	0	414	0	0
1329	140	486	0	9.00E-05	0.00102	0	657	0	0
1330	140	362	0	0.0014	0.01649	0	1611	0	0
1331	140	429	0	0.00034	0.00427	0	1019	0	0
1332	779	1239	0	0.0001	0.00109	0	657	0	0
1333	779	930	0	0.00137	0.01682	0	1677	0	0
1334	779	1208	0	0.00131	0.01262	0	1414	0	0
1335	1042	829	0	0.00262	0.019669	0	433	0	0
1336	1042	353	0	0.00082	0.00526	0	376	0	0
1337	1042	353	0	0.000841	0.005151	0	357	0	0
1338	1042	353	0	0.000669	0.005081	0	376	0	0
1339	1042	1017	0	0.001919	0.012669	0	376	0	0
1340	8	220	0	0.002659	0.02	0	0	0	0
1341	8	529	0	0.003031	0.02343	0	472	0	0
1342	904	703	0	0.01176	0.059159	0	300	0	0
1343	904	1210	0	0.002469	0.017531	0	395	0	0
1344	904	333	0	0.000669	0.005729	0	0	0	0
1345	1197	1223	0	0.000781	0.00876	0	281	0	0
1346	1197	803	0	0.00062	0.00482	0	453	0	0
1347	1197	1113	0	0.001349	0.012599	0	433	0	0
1348	991	1223	0	0.000979	0.0082	0	0	0	0
1349	991	117	0	0.008091	0.028831	0	0	0	0
1350	991	333	0	0.000711	0.005969	0	414	0	0
1351	601	1124	0	0.00145	0.00857	0	0	0	0
1352	151	159	0	0.00869	0.03768	0	300	0	0
1353	151	457	0	0.001719	0.00837	0	357	0	0
1354	1234	788	0	0.01582	0.067349	0	338	0	0
1355	1234	788	0	0.01457	0.06469	0	300	0	0
1356	1234	681	0	0.021711	0.090539	0	281	0	0
1357	1234	500	0	0.00019	0.000729	0	300	0	0
1358	128	790	0	0.001271	0.00638	0	300	0	0
1359	125	950	0	3.90E-05	0.0002	0	300	0	0
1360	962	665	0	0.000281	0.00236	0	529	0	0
1361	655	321	0	0.00019	0.00329	0	1644	0	0
1362	1094	608	0	0.00035	0.00324	0	0	0	0
1363	950	1237	0	0.00049	0.00349	0	319	0	0
1364	950	1237	0	0.000469	0.00331	0	319	0	0
1365	950	242	0	0.00313	0.01324	0	0	0	0
1366	950	1331	0	0.001031	0.006719	0	376	0	0
1367	950	163	0	0.00038	0.00401	0	0	0	0
1368	61	538	0	0.00037	0.002849	0	395	0	0
1369	1223	144	0	0.00032	0.00256	0	376	0	0
1370	1223	19	0	0.00037	0.00118	0	281	0	0
1371	1223	646	0	0.00068	0.001151	0	0	0	0
1372	734	763	0	0.00168	0.009841	0	395	0	0
1373	780	1285	0	0.000599	0.002401	0	300	0	0
1374	1316	2	0	0.002169	0.00911	0	300	0	0
1375	1316	719	0	0.002849	0.01282	0	357	0	0
1376	909	790	0	0.001229	0.01207	0	453	0	0
1377	909	1093	0	0.001289	0.01089	0	510	0	0
1378	1294	241	0	0.00093	0.01036	0	756	0	0
1379	1294	514	0	0.00083	0.01174	0	723	0	0
1380	960	1139	0	0.00118	0.009469	0	0	0	0
1381	960	1139	0	0.001151	0.009651	0	0	0	0
1382	806	1177	0	0.00101	0.01327	0	1480	0	0
1383	913	635	0	0.00364	0.02486	0	472	0	0
1384	1214	710	0	0.00056	0.00425	0	433	0	0
1385	1214	689	0	0.00369	0.02681	0	433	0	0
1386	43	1137	0	0.000531	0.00276	0	300	0	0
1387	364	1137	0	0.000521	0.00281	0	281	0	0
1388	772	1137	0	0.000419	0.00232	0	0	0	0
1389	322	1137	0	0.000409	0.00237	0	0	0	0
1390	1219	1196	0	0.00014	0.00193	0	1414	0	0
1391	390	874	0	0.003211	0.01481	0	319	0	0
1392	170	845	0	0.00381	0.01175	0	0	0	0
1393	170	943	0	0.003781	0.02676	0	319	0	0
1394	346	1247	0	0.000919	0.005461	0	453	0	0
1395	346	1279	0	0.000271	0.001211	0	281	0	0
1396	346	642	0	0.002229	0.017401	0	472	0	0
1397	346	642	0	0.00243	0.017659	0	510	0	0
1398	346	642	0	0.002531	0.01705	0	491	0	0
1399	1277	754	0	0.012531	0.05451	0	0	0	0
1400	853	708	0	0.00087	0.01212	0	1249	0	0
1401	853	122	0	0.0006	0.00802	0	1611	0	0
1402	853	1207	0	0.00072	0.00667	0	1743	0	0
1403	853	310	0	0.00234	0.02626	0	1315	0	0
1404	979	1017	0	0.00038	0.002969	0	414	0	0
1405	1148	591	0	0.00024	0.00045	0	0	0	0
1406	970	591	0	0.000229	0.000409	0	0	0	0
1407	649	591	0	0.000281	0.000401	0	0	0	0
1408	787	829	0	0.001211	0.005271	0	0	0	0
1409	787	45	0	0.000281	0.00107	0	338	0	0
1410	787	978	0	0.00025	0.001091	0	0	0	0
1411	581	288	0	0.00019	0.00081	0	529	0	0
1412	581	288	0	0.00045	0.00136	0	491	0	0
1413	513	67	0	0.003461	0.023289	0	0	0	0
1414	805	1191	0	0.0013	0.01609	0	1743	0	0
1415	805	1191	0	0.00128	0.0164	0	1611	0	0
1416	805	395	0	0.00089	0.01082	0	1480	0	0
1417	805	395	0	0.00087	0.01102	0	1545	0	0
1418	571	1242	0	0.003349	0.02514	0	433	0	0
1419	59	387	0	0.0003	0.00061	0	0	0	0
1420	20	1030	0	0.000289	0.001211	0	414	0	0
1421	1056	1265	0	0.01301	0.044091	0	338	0	0
1422	1056	252	0	0.02162	0.065969	0	300	0	0
1423	1300	41	0	0.006461	0.05275	0	414	0	0
1424	1013	1163	0	0.0002	0.000271	0	0	0	0
1425	494	1163	0	0.00018	0.00026	0	0	0	0
1426	831	252	0	0.00032	0.00188	0	0	0	0
1427	829	1017	0	0.00105	0.006591	0	376	0	0
1428	4	894	0	0.00013	0.00055	0	0	0	0
1429	566	788	0	0.006151	0.04013	0	529	0	0
1430	566	1016	0	0.007159	0.040591	0	433	0	0
1431	334	468	0	0.00874	0.048461	0	300	0	0
1432	334	709	0	0.004159	0.01606	0	0	0	0
1433	334	551	0	0.002919	0.01912	0	433	0	0
1434	41	648	0	0.00094	0.00394	0	319	0	0
1435	41	854	0	0.000901	0.00395	0	0	0	0
1436	41	363	0	0.003159	0.017789	0	472	0	0
1437	41	363	0	0.002419	0.018331	0	0	0	0
1438	41	771	0	0.00375	0.018281	0	319	0	0
1439	477	387	0	0.00025	0.001031	0	319	0	0
1440	698	722	0	0.00264	0.01238	0	319	0	0
1441	698	722	0	0.001289	0.00795	0	357	0	0
1442	698	163	0	0.00087	0.003081	0	376	0	0
1443	1241	767	0	0.000401	0.00224	0	319	0	0
1444	10	34	0	0.0003	0.00385	0	0	0	0
1445	985	113	0	0.00126	0.008219	0	433	0	0
1446	21	754	0	0.01905	0.055729	0	0	0	0
1447	21	533	0	0.00201	0.00444	0	0	0	0
1448	1051	434	0	0.00101	0.00324	0	0	0	0
1449	209	714	0	0.00105	0.00677	0	1118	0	0
1450	209	579	0	0.00039	0.00502	0	1052	0	0
1451	209	834	0	0.0004	0.00492	0	854	0	0
1452	209	608	0	0.00051	0.00617	0	1249	0	0
1453	1100	515	0	0.0003	0.00314	0	1480	0	0
1454	1100	579	0	0.00051	0.00668	0	1545	0	0
1455	1100	834	0	0.0005	0.00678	0	1677	0	0
1456	182	354	0	0.002909	0.017	0	0	0	0
1457	182	165	0	0.00245	0.011281	0	376	0	0
1458	182	731	0	0.0027	0.01532	0	357	0	0
1459	182	731	0	0.00105	0.011151	0	0	0	0
1460	182	580	0	0.00036	0.002669	0	0	0	0
1461	182	68	0	0.0018	0.011169	0	357	0	0
1462	182	448	0	0.000711	0.007771	0	0	0	0
1463	182	1155	0	0.00036	0.00257	0	0	0	0
1464	222	621	0	0.00201	0.01195	0	510	0	0
1465	222	1143	0	0.001091	0.00731	0	472	0	0
1466	222	804	0	0.00105	0.007591	0	529	0	0
1467	222	268	0	0.00299	0.02256	0	376	0	0
1468	457	423	0	0.00036	0.00288	0	0	0	0
1469	725	674	0	0.00589	0.045599	0	453	0	0
1470	725	536	0	0.00157	0.0127	0	376	0	0
1471	725	536	0	0.00168	0.011969	0	0	0	0
1472	725	1152	0	0.00289	0.021031	0	338	0	0
1473	922	156	0	0.00395	0.025211	0	472	0	0
1474	922	1351	0	0.002771	0.021659	0	376	0	0
1475	922	835	0	0.002979	0.016901	0	453	0	0
1476	1226	865	0	0.007419	0.034021	0	0	0	0
1477	770	1007	0	0.00056	0.00813	0	789	0	0
1478	2	265	0	0.00361	0.015211	0	338	0	0
1479	1303	1026	0	0.000409	0.003331	0	529	0	0
1480	994	1270	0	0.004091	0.019599	0	376	0	0
1481	994	971	0	0.00294	0.012841	0	395	0	0
1482	665	830	0	0.020771	0.080479	0	453	0	0
1483	665	287	0	0.00662	0.0513	0	453	0	0
1484	665	258	0	0.00607	0.04581	0	433	0	0
1485	453	156	0	0.000669	0.0042	0	376	0	0
1486	453	1227	0	0.001271	0.007419	0	376	0	0
1487	453	835	0	0.001599	0.012271	0	472	0	0
1488	793	696	0	0.009599	0.05024	0	319	0	0
1489	793	65	0	0.00149	0.009219	0	338	0	0
1490	793	986	0	0.01488	0.06724	0	300	0	0
1491	793	866	0	0.003599	0.024031	0	319	0	0
1492	793	866	0	0.00519	0.024	0	338	0	0
1493	1247	196	0	0.003461	0.013349	0	300	0	0
1494	510	643	0	0.00105	0.01236	0	0	0	0
1495	510	643	0	0.00199	0.012331	0	395	0	0
1496	510	551	0	0.00711	0.044711	0	338	0	0
1497	899	1037	0	0.006729	0.02543	0	0	0	0
1498	1322	1037	0	0.005771	0.02999	0	0	0	0
1499	877	13	0	0.0048	0.021771	0	0	0	0
1500	748	40	0	0.00286	0.02212	0	433	0	0
1501	90	1213	0	0.00351	0.02175	0	414	0	0
1502	90	1016	0	0.008401	0.0448	0	472	0	0
1503	1050	1274	0	0.0018	0.01187	0	0	0	0
1504	1050	1274	0	0.001831	0.01163	0	0	0	0
1505	1243	445	0	0.00075	0.00538	0	0	0	0
1506	951	111	0	2.00E-05	0.00033	0	0	0	0
1507	951	244	0	1.00E-05	0.00034	0	1710	0	0
1508	898	129	0	0.00023	0.00258	0	723	0	0
1509	898	266	0	0.00023	0.00252	0	657	0	0
1510	482	215	0	0.002031	0.008531	0	0	0	0
1511	482	1053	0	0.005349	0.020789	0	319	0	0
1512	431	1144	0	0.0002	0.00082	0	395	0	0
1513	592	1002	0	0.002091	0.011219	0	0	0	0
1514	882	23	0	0.00262	0.016979	0	433	0	0
1515	882	23	0	0.002669	0.01663	0	491	0	0
1516	1279	454	0	0.00025	0.00118	0	414	0	0
1517	223	172	0	0.00056	0.00715	0	1545	0	0
1518	591	564	0	0.0007	0.00455	0	338	0	0
1519	591	392	0	0.000331	0.001711	0	281	0	0
1520	591	392	0	0.00011	0.000781	0	453	0	0
1521	591	1291	0	0.00111	0.00664	0	338	0	0
1522	1096	1191	0	0.00066	0.00838	0	1447	0	0
1523	1096	1191	0	0.00064	0.00854	0	1447	0	0
1524	353	544	0	0.003091	0.017091	0	472	0	0
1525	353	201	0	0.00643	0.03687	0	529	0	0
1526	1292	544	0	0.00275	0.01937	0	0	0	0
1527	1213	866	0	0.00357	0.021289	0	414	0	0
1528	282	1016	0	0.000289	0.002789	0	0	0	0
1529	1145	959	0	0.002531	0.01345	0	281	0	0
1530	687	1123	0	0.00162	0.012159	0	414	0	0
1531	687	1123	0	0.00262	0.01168	0	319	0	0
1532	1281	165	0	0.00099	0.006081	0	0	0	0
1533	1281	176	0	0.000909	0.005979	0	0	0	0
1534	502	49	0	0.00011	0.0008	0	0	0	0
1535	502	1054	0	0.00011	0.00068	0	0	0	0
1536	502	876	0	0.00207	0.008341	0	395	0	0
1537	281	375	0	0.00019	0.001031	0	0	0	0
1538	603	1075	0	0.014039	0.0667	0	0	0	0
1539	467	1092	0	0.004961	0.03043	0	338	0	0
1540	391	851	0	0.00056	0.003531	0	0	0	0
1541	174	642	0	0.001461	0.00889	0	414	0	0
1542	1112	1032	0	6.00E-05	0.000419	0	395	0	0
1543	717	618	0	0.00139	0.005169	0	0	0	0
1544	629	188	0	0.00069	0.00825	0	657	0	0
1545	1037	688	0	0.004969	0.030781	0	0	0	0
1546	1037	1289	0	0.00012	0.000969	0	491	0	0
1547	964	790	0	0.001091	0.010159	0	472	0	0
1548	1180	790	0	0.000969	0.00887	0	453	0	0
1549	658	954	0	0.00099	0.006789	0	414	0	0
1550	1186	1268	0	0.001031	0.00586	0	281	0	0
1551	1086	807	0	0.00401	0.03345	0	529	0	0
1552	505	785	0	9.10E-05	0.000349	0	0	0	0
1553	568	35	0	0.00125	0.00745	0	491	0	0
1554	9	612	0	0.003711	0.024219	0	414	0	0
1555	1191	1007	0	0.00169	0.02156	0	1578	0	0
1556	1191	1007	0	0.00171	0.02114	0	1677	0	0
1557	947	643	0	0.00088	0.00562	0	433	0	0
1558	947	643	0	0.0008	0.00618	0	472	0	0
1559	436	1048	0	0.00161	0.01014	0	0	0	0
1560	596	377	0	0.00032	0.002031	0	433	0	0
1561	596	943	0	0.00011	0.000659	0	395	0	0
1562	284	579	0	0.00042	0.00505	0	986	0	0
1563	284	834	0	0.00043	0.00494	0	1151	0	0
1564	409	731	0	0.00038	0.000711	0	0	0	0
1565	409	731	0	0.00037	0.000659	0	0	0	0
1566	625	241	0	0.00248	0.03096	0	1743	0	0
1567	22	520	0	0.00375	0.019729	0	395	0	0
1568	22	357	0	0.00518	0.020021	0	338	0	0
1569	1157	1328	0	0.000771	0.003711	0	395	0	0
1570	1157	210	0	0.00076	0.003789	0	357	0	0
1571	337	529	0	0.000781	0.00574	0	0	0	0
1572	528	1108	0	0.00089	0.00562	0	0	0	0
1573	293	1237	0	0.000331	0.001401	0	0	0	0
1574	762	1237	0	0.000401	0.00137	0	0	0	0
1575	1158	767	0	0.00051	0.003349	0	0	0	0
1576	302	1333	0	0.000461	0.00168	0	0	0	0
1577	302	1333	0	0.000469	0.00164	0	0	0	0
1578	696	986	0	0.006081	0.03114	0	357	0	0
1579	1095	101	0	0.005831	0.02218	0	395	0	0
1580	1308	509	0	0.00013	0.000461	0	0	0	0
1581	1134	294	0	0.00013	0.000461	0	0	0	0
1582	116	612	0	0.00262	0.020289	0	414	0	0
1583	116	421	0	0.00164	0.01194	0	453	0	0
1584	1075	1340	0	0.006479	0.02845	0	414	0	0
1585	1163	292	0	0.00294	0.014419	0	395	0	0
1586	1163	292	0	0.00238	0.01463	0	395	0	0
1587	1163	254	0	0.002219	0.00993	0	376	0	0
1588	200	335	0	0.008651	0.04886	0	300	0	0
1589	674	1152	0	0.00464	0.030979	0	0	0	0
1590	859	56	0	0.00092	0.00889	0	1447	0	0
1591	859	56	0	0.00093	0.00869	0	1348	0	0
1592	859	266	0	0.0022	0.03485	0	1578	0	0
1593	859	362	0	0.00074	0.00941	0	1743	0	0
1594	859	930	0	0.00087	0.00884	0	1578	0	0
1595	859	251	0	0.00139	0.01662	0	0	0	0
1596	1351	73	0	0.002781	0.022979	0	300	0	0
1597	920	792	0	0.000521	0.00407	0	529	0	0
1598	897	1123	0	0.008479	0.032841	0	0	0	0
1599	369	1091	0	0.005669	0.02901	0	0	0	0
1600	612	419	0	0.001031	0.004099	0	0	0	0
1601	612	1172	0	0.00301	0.018719	0	376	0	0
1602	265	418	0	0.00257	0.01713	0	338	0	0
1603	788	797	0	0.010461	0.03836	0	0	0	0
1604	788	620	0	0.001719	0.011531	0	414	0	0
1605	788	225	0	9.10E-05	0.00056	0	300	0	0
1606	588	583	0	0.00476	0.025289	0	0	0	0
1607	18	224	0	0.000219	0.00164	0	319	0	0
1608	29	1167	0	0.002159	0.01163	0	0	0	0
1609	29	224	0	0.00295	0.01539	0	300	0	0
1610	444	468	0	0.007789	0.033039	0	300	0	0
1611	1067	458	0	0.00026	0.0013	0	0	0	0
1612	939	1309	0	0.00162	0.013229	0	338	0	0
1613	1227	73	0	0.007919	0.04194	0	338	0	0
1614	87	1225	0	0.001229	0.00401	0	300	0	0
1615	761	812	0	0.008021	0.042831	0	338	0	0
1616	959	101	0	0.007711	0.03006	0	338	0	0
1617	1270	103	0	0.00261	0.015469	0	319	0	0
1618	918	225	0	0.00139	0.00536	0	0	0	0
1619	918	225	0	0.001419	0.00525	0	0	0	0
1620	277	1123	0	0.006289	0.032271	0	0	0	0
1621	277	314	0	0.011031	0.05625	0	0	0	0
1622	23	344	0	0.001841	0.01324	0	472	0	0
1623	957	3	0	0.000599	0.00186	0	453	0	0
1624	671	643	0	0.00036	0.001591	0	433	0	0
1625	454	642	0	0.003849	0.027651	0	453	0	0
1626	113	668	0	0.00186	0.00874	0	491	0	0
1627	515	321	0	0.00025	0.00285	0	1480	0	0
1628	165	1155	0	0.00207	0.008841	0	319	0	0
1629	165	176	0	6.00E-05	0.00039	0	453	0	0
1630	1299	722	0	0.002159	0.008909	0	357	0	0
1631	614	176	0	0.000219	0.00039	0	0	0	0
1632	731	387	0	0.00011	0.000521	0	300	0	0
1633	731	387	0	0.00011	0.00049	0	300	0	0
1634	731	68	0	0.000771	0.003789	0	338	0	0
1635	731	448	0	0.000229	0.002849	0	0	0	0
1636	1167	771	0	0.00445	0.027599	0	0	0	0
1637	248	498	0	0.00218	0.02	0	1381	0	0
1638	248	1222	0	0.00074	0.00865	0	1118	0	0
1639	1123	177	0	0.002531	0.019419	0	300	0	0
1640	1123	1171	0	0.003	0.01631	0	0	0	0
1641	1255	496	0	0.008461	0.025081	0	0	0	0
1642	1184	547	0	0.00382	0.013669	0	395	0	0
1643	468	1225	0	0.002581	0.01814	0	414	0	0
1644	976	884	0	0.00201	0.012219	0	433	0	0
1645	1237	651	0	0.00087	0.001599	0	0	0	0
1646	99	768	0	0.00455	0.02394	0	319	0	0
1647	287	867	0	0.005651	0.041771	0	357	0	0
1648	1315	607	0	0.00069	0.001271	0	0	0	0
1649	283	1215	0	0.00068	0.00269	0	300	0	0
1650	283	295	0	0.00036	0.00261	0	376	0	0
1651	283	1198	0	0.001669	0.012031	0	319	0	0
1652	709	551	0	0.009669	0.03513	0	0	0	0
1653	709	1225	0	0.001099	0.00862	0	0	0	0
1654	1168	241	0	0.0005	0.00711	0	657	0	0
1655	971	138	0	0.003919	0.017781	0	395	0	0
1656	971	1309	0	0.00161	0.019781	0	0	0	0
1657	971	103	0	0.0007	0.01256	0	510	0	0
1658	744	792	0	0.000409	0.0018	0	0	0	0
1659	247	590	0	2.00E-05	0.00043	0	0	0	0
1660	1337	590	0	3.00E-05	0.0004	0	1710	0	0
1661	36	1339	0	0.00968	0.056659	0	357	0	0
1662	1172	551	0	0.003969	0.02925	0	0	0	0
1663	845	1309	0	0.00219	0.01468	0	414	0	0
1664	845	1220	0	0.000401	0.003159	0	376	0	0
1665	845	998	0	0.000531	0.003	0	376	0	0
1666	767	1059	0	0.00136	0.00576	0	376	0	0
1667	1274	1309	0	0.000849	0.006289	0	357	0	0
1668	1274	1309	0	0.000841	0.006409	0	357	0	0
1669	1274	1309	0	0.00045	0.00506	0	0	0	0
1670	33	308	0	0.003669	0.02988	0	395	0	0
1671	65	866	0	0.002	0.01568	0	414	0	0
1672	387	312	0	0.00031	0.0008	0	319	0	0
1673	175	768	0	0.00043	0.00038	0	0	0	0
1674	1307	876	0	0.00043	0.002229	0	0	0	0
1675	765	876	0	0.00049	0.00218	0	0	0	0
1676	551	618	0	0.00282	0.01844	0	529	0	0
1677	117	496	0	0.00462	0.014849	0	0	0	0
1678	760	498	0	0.00263	0.04076	0	1447	0	0
1679	520	377	0	0.01062	0.056719	0	357	0	0
1680	280	1188	0	0.0001	0.00105	0	657	0	0
1681	1333	1287	0	0.00239	0.017341	0	376	0	0
1682	523	370	0	0.001341	0.010581	0	433	0	0
1683	523	891	0	0.00101	0.007599	0	472	0	0
1684	48	230	0	0.00011	0.000289	0	395	0	0
1685	1070	1007	0	0.00146	0.01769	0	0	0	0
1686	1070	1007	0	0.0013	0.02004	0	1644	0	0
1687	986	825	0	0.007909	0.028349	0	319	0	0
1688	1081	1240	0	0.00012	0.00049	0	0	0	0
1689	1081	1240	0	0.00012	0.000479	0	0	0	0
1690	1007	54	0	0.00076	0.01018	0	1513	0	0
1691	1007	54	0	0.0009	0.00865	0	1677	0	0
1692	1007	54	0	0.00096	0.01294	0	1545	0	0
1693	1007	54	0	0.0004	0.00756	0	1611	0	0
1694	1007	54	0	0.00039	0.00771	0	1447	0	0
1695	1007	1188	0	0.00163	0.02291	0	1545	0	0
1696	437	466	0	0.00636	0.03855	0	395	0	0
1697	437	466	0	0.00639	0.03863	0	414	0	0
1698	129	251	0	0.00113	0.01362	0	690	0	0
1699	258	119	0	0.00861	0.05318	0	529	0	0
1700	697	728	0	0.0012	0.004669	0	338	0	0
1701	697	1032	0	0.00018	0.001091	0	414	0	0
1702	177	1171	0	0.001401	0.00612	0	357	0	0
1703	15	35	0	0.00068	0.00387	0	491	0	0
1704	846	1242	0	0.0043	0.033591	0	414	0	0
1705	536	807	0	0.003039	0.01911	0	491	0	0
1706	487	17	0	6.00E-05	0.00111	0	853	0	0
1707	1283	713	0	5.00E-05	0.001091	0	853	0	0
1708	351	492	0	3.90E-05	0.00089	0	853	0	0
1709	279	669	0	3.90E-05	0.000901	0	853	0	0
1710	86	668	0	0.000169	0.00111	0	510	0	0
1711	136	722	0	0.000331	0.0027	0	0	0	0
1712	931	292	0	0.00026	0.00369	0	0	0	0
1713	728	1032	0	0.000341	0.00274	0	0	0	0
1714	783	1091	0	0.00038	0.00506	0	414	0	0
1715	377	943	0	0.00012	0.000831	0	376	0	0
1716	158	73	0	0.003031	0.0123	0	0	0	0
1717	710	1133	0	0.001521	0.00774	0	395	0	0
1718	590	450	0	0.00059	0.00552	0	1611	0	0
1719	590	172	0	0.00053	0.00625	0	1545	0	0
1720	876	1273	0	0.00143	0.01076	0	529	0	0
1721	262	1229	0	0.00056	0.00593	0	0	0	0
1722	363	1048	0	0.00205	0.01461	0	414	0	0
1723	314	335	0	0.01068	0.054521	0	0	0	0
1724	1309	1220	0	0.00194	0.011039	0	433	0	0
1725	1309	998	0	0.00131	0.010099	0	433	0	0
1726	1309	445	0	0.001289	0.014229	0	319	0	0
1727	108	481	0	0.00455	0.027031	0	395	0	0
1728	108	495	0	0.00239	0.01414	0	510	0	0
1729	108	1201	0	0.004039	0.029669	0	491	0	0
1730	108	308	0	0.001099	0.007771	0	529	0	0
1731	790	295	0	0.00082	0.00762	0	414	0	0
1732	790	623	0	0.000719	0.0033	0	0	0	0
1733	790	815	0	0.000599	0.00361	0	300	0	0
1734	790	1198	0	0.000521	0.004039	0	376	0	0
1735	790	509	0	0.000901	0.0088	0	433	0	0
1736	1093	1018	0	0.000781	0.00306	0	0	0	0
1737	1093	352	0	0.000419	0.00399	0	0	0	0
1738	1093	294	0	0.000841	0.009841	0	281	0	0
1739	938	891	0	0.004021	0.03064	0	414	0	0
1740	722	392	0	0.0023	0.009031	0	338	0	0
1741	722	392	0	0.002081	0.009469	0	376	0	0
1742	722	814	0	0.00164	0.008831	0	0	0	0
1743	722	1291	0	0.00094	0.00488	0	319	0	0
1744	722	1331	0	0.000901	0.00551	0	453	0	0
1745	722	163	0	0.00051	0.005961	0	0	0	0
1746	292	254	0	0.00113	0.004349	0	433	0	0
1747	210	953	0	0.002081	0.013031	0	395	0	0
1748	109	690	0	0.00116	0.01438	0	0	0	0
1749	1250	707	0	0.00013	0.001031	0	0	0	0
1750	620	78	0	0.00036	0.002659	0	414	0	0
1751	618	792	0	0.000771	0.004539	0	529	0	0
1752	1349	356	0	0.000695	0.049098	0	0	0	0
1753	1349	356	0	0.000355	0.024893	0	591	0	0
1754	16	356	0	0.000365	0.024372	0	591	0	0
1755	471	1128	0	0.000411	0.023652	0	591	0	0
1756	1060	732	0	0.000386	0.025673	0	591	0	0
1757	1060	732	0	0.000344	0.029336	0	591	0	0
1758	112	676	0	0.000653	0.052104	0	0	0	0
1759	112	676	0	0.000767	0.043531	0	0	0	0
1760	511	888	0	0.000323	0.028314	0	591	0	0
1761	511	888	0	0.000323	0.025999	0	591	0	0
1762	511	1058	0	0.000365	0.025478	0	591	0	0
1763	118	914	0	0.00086	0.039291	0	0	0	0
1764	91	249	0	0.000355	0.026586	0	591	0	0
1765	91	249	0	0.000375	0.026313	0	591	0	0
1766	900	484	0	0.000344	0.023329	0	591	0	0
1767	900	484	0	0.000302	0.026375	0	591	0	0
1768	1342	430	0	0.000788	0.04323	0	0	0	0
1769	1342	430	0	0.000767	0.04407	0	0	0	0
1770	194	861	0	0.000767	0.043562	0	0	0	0
1771	194	861	0	0.000788	0.041281	0	0	0	0
1772	194	861	0	0.000892	0.040524	0	0	0	0
1773	479	699	0	0.000975	0.043562	0	0	0	0
1774	479	699	0	0.000757	0.042649	0	0	0	0
1775	784	347	0	0.000261	0.030762	0	591	0	0
1776	784	347	0	0.000261	0.030088	0	591	0	0
1777	746	887	0	0.000323	0.026447	0	591	0	0
1778	746	1286	0	0.000323	0.026885	0	591	0	0
1779	1087	66	0	0.000323	0.02748	0	591	0	0
1780	1087	66	0	0.000292	0.028158	0	591	0	0
1781	66	742	0	0	0.009197	0	567	0	0
1782	813	576	0	0.000736	0.044526	0	0	0	0
1783	416	1330	0	0.00086	0.039488	0	0	0	0
1784	428	944	0	0.000365	0.024372	0	591	0	0
1785	428	944	0	0.000375	0.023986	0	591	0	0
1786	673	1064	0	0.000386	0.025673	0	591	0	0
1787	389	260	0	0.000809	0.042318	0	0	0	0
1788	525	833	0	0.000705	0.042038	0	0	0	0
1789	530	47	0	0.000334	0.028022	0	591	0	0
1790	530	267	0	0.000353	0.022403	0	591	0	0
1791	349	47	0	0.000313	0.026354	0	591	0	0
1792	349	47	0	0.000323	0.025478	0	591	0	0
1793	276	1126	0	0.000344	0.024622	0	591	0	0
1794	14	1126	0	0.000355	0.024038	0	591	0	0
1795	521	1065	0	0.000881	0.038244	0	0	0	0
1796	521	1065	0	0.000757	0.040959	0	0	0	0
1797	461	306	0	0.000354	0.028765	0	591	0	0
1798	903	306	0	0.000354	0.027114	0	591	0	0
1799	319	306	0	0.000695	0.04748	0	0	0	0
1800	693	236	0	0.000323	0.028314	0	591	0	0
1801	693	236	0	0.000323	0.026354	0	591	0	0
1802	693	236	0	0.000323	0.025696	0	591	0	0
1803	828	135	0	0.000355	0.027305	0	591	0	0
1804	828	135	0	0.000355	0.026666	0	591	0	0
1805	828	135	0	0.000923	0.037456	0	0	0	0
1806	828	135	0	0.000788	0.035217	0	0	0	0
1807	173	1088	0	0.000323	0.026739	0	591	0	0
1808	173	1088	0	0.000323	0.02749	0	591	0	0
1809	366	810	0	0.000313	0.027324	0	591	0	0
1810	366	810	0	0.000313	0.028074	0	591	0	0
1811	1138	817	0	0.000601	0.024984	0	0	0	0
1812	1138	817	0	0.000715	0.022797	0	0	0	0
1813	1138	817	0	0.000344	0.024893	0	591	0	0
1814	740	1159	0	0.000365	0.024163	0	591	0	0
1815	740	1159	0	0.000344	0.02385	0	591	0	0
1816	745	1077	0	0.000757	0.040182	0	0	0	0
1817	97	567	0	0.000323	0.028937	0	591	0	0
1818	558	1012	0	0.000354	0.026958	0	591	0	0
1819	558	1012	0	0.000778	0.045656	0	0	0	0
1820	558	1012	0	0.000695	0.048932	0	0	0	0
1821	558	1012	0	0.000302	0.025926	0	591	0	0
1822	974	1183	0	0.000355	0.027328	0	591	0	0
1823	974	1183	0	0.000365	0.027156	0	591	0	0
1824	1352	868	0	0.000355	0.024299	0	591	0	0
1825	1165	107	0	0.000375	0.026313	0	591	0	0
1826	1165	107	0	0.000375	0.025605	0	591	0	0
1827	483	218	0	0.000334	0.026291	0	591	0	0
1828	483	218	0	0.000705	0.046735	0	0	0	0
1829	301	619	0	0.000313	0.026875	0	591	0	0
1830	301	619	0	0.000302	0.027376	0	591	0	0
1831	691	756	0	0.000664	0.044868	0	0	0	0
1832	313	756	0	0.000809	0.044526	0	0	0	0
1833	836	821	0	0.00086	0.034253	0	0	0	0
1834	836	821	0	0.000355	0.024372	0	591	0	0
1835	414	216	0	0.000365	0.023788	0	591	0	0
1836	682	1085	0	0.000375	0.023204	0	591	0	0
1837	682	1085	0	0.000302	0.026593	0	591	0	0
1838	255	582	0	0.000323	0.029256	0	591	0	0
1839	255	582	0	0.000334	0.029986	0	591	0	0
1840	255	582	0	0.000355	0.030979	0	591	0	0
1841	371	683	0	0.000302	0.025707	0	591	0	0
1842	371	683	0	0.000344	0.025405	0	591	0	0
1843	456	889	0	0.00012	0.008908	0	491	0	0
1844	750	1115	0	0.000365	0.023715	0	591	0	0
1845	880	1252	0	0.000365	0.023517	0	591	0	0
1846	880	816	0	0.000334	0.026812	0	591	0	0
1847	1228	1271	0	0.000695	0.047253	0	0	0	0
1848	1099	1271	0	0.000778	0.043759	0	0	0	0
1849	1097	1103	0	0.000313	0.030636	0	591	0	0
1850	1097	1103	0	0.000313	0.028286	0	591	0	0
1851	1097	1103	0	0.000344	0.028115	0	591	0	0
1852	372	211	0	0.000902	0.039425	0	0	0	0
1853	348	1204	0	0.000355	0.024237	0	591	0	0
1854	1253	273	0	0.000375	0.023986	0	591	0	0
1855	1253	273	0	0.000375	0.023861	0	591	0	0
1856	213	72	0	0.000819	0.04153	0	0	0	0
1857	213	72	0	0.000809	0.042701	0	0	0	0
1858	214	404	0	0.000334	0.028022	0	591	0	0
1859	1187	127	0	0.000632	0.048237	0	0	0	0
1860	1187	127	0	0.000632	0.045159	0	0	0	0
1861	1187	127	0	0.000715	0.044039	0	0	0	0
1862	593	983	0	0.00074	0.044479	0	0	0	0
1863	593	611	0	0.00074	0.043811	0	0	0	0
1864	667	305	0	0.000375	0.02385	0	591	0	0
1865	667	305	0	0.000365	0.023267	0	591	0	0
1866	667	305	0	0.000323	0.026739	0	591	0	0
1867	149	1076	0	0.000684	0.047025	0	0	0	0
1868	1327	320	0	0.000313	0.02748	0	591	0	0
1869	946	1224	0	0.000323	0.028554	0	591	0	0
1870	946	1224	0	0.000302	0.026437	0	591	0	0
1871	1029	1105	0	0.000365	0.025551	0	591	0	0
1872	1029	1105	0	0.000344	0.024893	0	591	0	0
1873	1029	1321	0	0.000375	0.024508	0	591	0	0
1874	1001	981	0	0.000778	0.041157	0	0	0	0
1875	1001	981	0	0.000923	0.03702	0	0	0	0
1876	1001	981	0	0.000302	0.026593	0	591	0	0
1877	140	1042	0	0.000344	0.029667	0	591	0	0
1878	140	8	0	0.000334	0.02748	0	591	0	0
1879	779	1042	0	0.000323	0.030636	0	591	0	0
1880	779	8	0	0.000323	0.028526	0	591	0	0
1881	1350	904	0	0.000344	0.025332	0	591	0	0
1882	1350	1197	0	0.000334	0.024674	0	591	0	0
1883	1350	991	0	0.000344	0.02457	0	591	0	0
1884	542	962	0	0.000365	0.023788	0	591	0	0
1885	655	950	0	0.000365	0.023601	0	591	0	0
1886	655	950	0	0.000344	0.02652	0	591	0	0
1887	1094	950	0	0.000344	0.027272	0	591	0	0
1888	1094	950	0	0.000334	0.027563	0	591	0	0
1889	1294	960	0	0.000313	0.030636	0	591	0	0
1890	1294	960	0	0.000313	0.028286	0	591	0	0
1891	806	715	0	0.000881	0.036803	0	0	0	0
1892	806	715	0	0.000902	0.036668	0	0	0	0
1893	806	715	0	0.000881	0.034014	0	0	0	0
1894	805	571	0	0.000365	0.026027	0	591	0	0
1895	805	571	0	0.000386	0.025673	0	591	0	0
1896	1056	672	0	0.00012	0.011186	0	586	0	0
1897	893	10	0	0.00017	0.006789	0	1216	0	0
1898	893	985	0	0.000664	0.047107	0	0	0	0
1899	209	182	0	0.000313	0.028314	0	591	0	0
1900	209	182	0	0.000334	0.025707	0	591	0	0
1901	209	222	0	0.000344	0.025478	0	591	0	0
1902	1100	222	0	0.000344	0.027236	0	591	0	0
1903	1100	222	0	0.000375	0.026518	0	591	0	0
1904	1004	725	0	0.000386	0.02646	0	591	0	0
1905	770	2	0	0.000788	0.040317	0	0	0	0
1906	1096	69	0	0.000323	0.025863	0	591	0	0
1907	95	653	0	1.00E-05	0.022863	0	948	0	0
1908	629	1037	0	0.000334	0.030306	0	591	0	0
1909	629	1037	0	0.000302	0.030636	0	591	0	0
1910	1086	549	0	0.00011	0.010476	0	472	0	0
1911	1191	947	0	0.000344	0.024841	0	591	0	0
1912	1191	947	0	0.000365	0.025029	0	591	0	0
1913	1191	947	0	0.000355	0.024101	0	591	0	0
1914	625	22	0	0.000344	0.02385	0	591	0	0
1915	625	22	0	0.000411	0.02313	0	591	0	0
1916	625	22	0	0.000829	0.042764	0	0	0	0
1917	859	1351	0	0.000705	0.04748	0	0	0	0
1918	859	206	0	0.000323	0.029986	0	591	0	0
1919	859	206	0	0.000302	0.029952	0	591	0	0
1920	1196	788	0	0.000746	0.041064	0	0	0	0
1921	1196	788	0	0.000881	0.042214	0	0	0	0
1922	345	1169	0	0.00086	0.041209	0	0	0	0
1923	345	1169	0	0.000912	0.038669	0	0	0	0
1924	1177	23	0	0.000375	0.026244	0	591	0	0
1925	1177	23	0	0.000375	0.025457	0	591	0	0
1926	515	165	0	0.000302	0.029096	0	591	0	0
1927	708	325	0	0.000302	0.029667	0	591	0	0
1928	248	1123	0	0.000334	0.027563	0	591	0	0
1929	248	1123	0	0.000323	0.028074	0	591	0	0
1930	122	1184	0	0.000736	0.041064	0	0	0	0
1931	1207	1184	0	0.001234	0.040109	0	0	0	0
1932	1207	1184	0	0.000757	0.043209	0	0	0	0
1933	1168	971	0	0.000323	0.026586	0	854	0	0
1934	636	36	0	0.000788	0.040296	0	0	0	0
1935	636	36	0	0.000912	0.040514	0	0	0	0
1936	937	523	0	0.000798	0.042183	0	0	0	0
1937	937	523	0	0.000778	0.043147	0	0	0	0
1938	1070	642	0	0.000323	0.027793	0	591	0	0
1939	1070	642	0	0.000302	0.027918	0	591	0	0
1940	1070	642	0	0.000302	0.025926	0	591	0	0
1941	1007	437	0	0.000344	0.024956	0	591	0	0
1942	1007	437	0	0.000355	0.024435	0	591	0	0
1943	579	40	0	0.000386	0.026392	0	591	0	0
1944	834	40	0	0.000365	0.025525	0	591	0	0
1945	251	15	0	0.000344	0.029986	0	591	0	0
1946	251	15	0	0.000323	0.029838	0	591	0	0
1947	395	846	0	0.000323	0.02748	0	591	0	0
1948	395	846	0	0.000313	0.028001	0	591	0	0
1949	54	487	0	0.000179	0.012988	0	1151	0	0
1950	54	1283	0	0.000198	0.012724	0	1151	0	0
1951	54	351	0	0.000207	0.012469	0	1151	0	0
1952	54	279	0	0.000207	0.012206	0	1151	0	0
1953	54	506	0	0.000217	0.012912	0	1151	0	0
1954	54	827	0	0.000217	0.012627	0	1151	0	0
1955	54	464	0	0.000198	0.014317	0	1151	0	0
1956	54	464	0	0.000189	0.014592	0	1151	0	0
1957	54	1142	0	0.000354	0.02725	0	591	0	0
1958	131	1231	0	0.000628	0.042428	0	0	0	0
1959	131	1231	0	0.000726	0.044039	0	0	0	0
1960	535	865	0	0.000365	0.024893	0	591	0	0
1961	535	865	0	0.000438	0.02457	0	591	0	0
1962	535	865	0	0.000365	0.023986	0	591	0	0
1963	1046	866	0	0.000375	0.023267	0	591	0	0
1964	1046	866	0	0.000323	0.026375	0	591	0	0
1965	262	363	0	0.000334	0.029735	0	591	0	0
1966	262	363	0	0.000313	0.030237	0	591	0	0
1967	498	314	0	0.000767	0.044049	0	0	0	0
1968	498	314	0	0.000302	0.026072	0	591	0	0
1969	498	314	0	0.00085	0.039892	0	0	0	0
1970	514	1309	0	0.000344	0.024956	0	591	0	0
1971	1293	1309	0	0.000334	0.026666	0	591	0	0
1972	310	108	0	0.000365	0.023788	0	591	0	0
1973	310	108	0	0.000365	0.023465	0	591	0	0
1974	34	219	0	0.000334	0.026447	0	591	0	0
1975	1208	790	0	0.000323	0.027042	0	591	0	0
1976	1208	790	0	0.000313	0.02748	0	591	0	0
1977	1208	790	0	0.000302	0.028314	0	591	0	0
1978	1208	1093	0	0.000323	0.025853	0	591	0	0
1979	1208	1093	0	0.000365	0.026197	0	591	0	0
1980	1208	1093	0	0.000365	0.025165	0	591	0	0
1981	608	722	0	0.000355	0.024237	0	591	0	0
1982	608	292	0	0.000375	0.024247	0	591	0	0
1983	321	722	0	0.000365	0.023267	0	591	0	0
1984	321	292	0	0.000342	0.023139	0	591	0	0
1985	239	1034	0	0.000344	0.026666	0	591	0	0
1986	239	88	0	0.000334	0.027021	0	591	0	0
1987	109	1034	0	0.000302	0.027615	0	591	0	0
1988	109	88	0	0.000313	0.026135	0	591	0	0
1989	690	1273	0	0.000365	0.025905	0	591	0	0
1990	690	1273	0	0.000355	0.025238	0	591	0	0
1991	429	639	0	0.000334	0.026814	0	591	0	0
